0	0
0.0000002	0.0001645
0.0000004	3.29E-04
0.0000006	4.94E-04
0.0000008	0.000658
0.000001	0.0008225
0.0000012	0.000987
0.0000014	0.0011515
0.0000016	0.001316
0.0000018	0.0014805
0.000002	0.001645
0.0000022	0.001645
0.0000024	0.001645
0.0000026	0.001645
0.0000028	0.001645
0.000003	0.001645
0.0000032	0.001645
0.0000034	0.001645
0.0000036	0.001645
0.0000038	0.001645
0.000004	0.001645
0.0000042	0.001645
0.0000044	0.001645
0.0000046	0.001645
0.0000048	0.001645
0.000005	0.001645
0.0000052	0.001645
0.0000054	0.001645
0.0000056	0.001645
0.0000058	0.001645
0.000006	0.001645
0.0000062	0.001645
0.0000064	0.001645
0.0000066	0.001645
0.0000068	0.001645
7E-06	0.001645
7.2E-06	0.001645
7.4E-06	0.001645
7.6E-06	0.001645
7.8E-06	0.001645
8E-06	0.001645
8.2E-06	0.001645
8.4E-06	0.001645
8.6E-06	0.001645
8.8E-06	0.001645
9E-06	0.001645
9.2E-06	0.001645
9.4E-06	0.001645
9.6E-06	0.001645
9.8E-06	0.001645
1E-05	0.001645
0.0000102	0.001645
0.0000104	0.001645
0.0000106	0.001645
0.0000108	0.001645
0.000011	0.001645
0.0000112	0.001645
0.0000114	0.001645
0.0000116	0.001645
0.0000118	0.001645
0.000012	0.001645
0.0000122	0.001645
0.0000124	0.001645
0.0000126	0.001645
0.0000128	0.001645
0.000013	0.001645
0.0000132	0.001645
0.0000134	0.001645
0.0000136	0.001645
0.0000138	0.001645
0.000014	0.001645
0.0000142	0.001645
0.0000144	0.001645
0.0000146	0.001645
0.0000148	0.001645
0.000015	0.001645
0.0000152	0.001645
0.0000154	0.001645
0.0000156	0.001645
0.0000158	0.001645
0.000016	0.001645
0.0000162	0.001645
0.0000164	0.001645
0.0000166	0.001645
0.0000168	0.001645
0.000017	0.001645
0.0000172	0.001645
0.0000174	0.001645
0.0000176	0.001645
0.0000178	0.001645
0.000018	0.001645
0.0000182	0.001645
0.0000184	0.001645
0.0000186	0.001645
0.0000188	0.001645
0.000019	0.001645
0.0000192	0.001645
0.0000194	0.001645
0.0000196	0.001645
0.0000198	0.001645
0.00002	0.001645
0.0000202	0.001645
0.0000204	0.001645
0.0000206	0.001645
0.0000208	0.001645
0.000021	0.001645
0.0000212	0.001645
0.0000214	0.001645
0.0000216	0.001645
0.0000218	0.001645
0.000022	0.001645
0.0000222	0.001645
0.0000224	0.001645
0.0000226	0.001645
0.0000228	0.001645
0.000023	0.001645
0.0000232	0.001645
0.0000234	0.001645
0.0000236	0.001645
0.0000238	0.001645
2.4E-05	0.001645
2.42E-05	0.001645
2.44E-05	0.001645
2.46E-05	0.001645
2.48E-05	0.001645
2.5E-05	0.001645
2.52E-05	0.001645
2.54E-05	0.001645
2.56E-05	0.001645
2.58E-05	0.001645
2.6E-05	0.001645
2.62E-05	0.001645
2.64E-05	0.001645
2.66E-05	0.001645
2.68E-05	0.001645
2.7E-05	0.001645
2.72E-05	0.001645
2.74E-05	0.001645
2.76E-05	0.001645
2.78E-05	0.001645
2.8E-05	0.001645
2.82E-05	0.001645
2.84E-05	0.001645
2.86E-05	0.001645
2.88E-05	0.001645
2.9E-05	0.001645
2.92E-05	0.001645
2.94E-05	0.001645
2.96E-05	0.001645
2.98E-05	0.001645
3E-05	0.001645
3.02E-05	0.001645
3.04E-05	0.001645
3.06E-05	0.001645
3.08E-05	0.001645
3.1E-05	0.001645
3.12E-05	0.001645
3.14E-05	0.001645
3.16E-05	0.001645
3.18E-05	0.001645
3.2E-05	0.001645
3.22E-05	0.001645
3.24E-05	0.001645
3.26E-05	0.001645
3.28E-05	0.001645
3.3E-05	0.001645
3.32E-05	0.001645
3.34E-05	0.001645
3.36E-05	0.001645
3.38E-05	0.001645
3.4E-05	0.001645
3.42E-05	0.001645
3.44E-05	0.001645
3.46E-05	0.001645
3.48E-05	0.001645
3.5E-05	0.001645
3.52E-05	0.001645
3.54E-05	0.001645
3.56E-05	0.001645
3.58E-05	0.001645
0.000036	0.001645
0.0000362	0.001645
0.0000364	0.001645
0.0000366	0.001645
0.0000368	0.001645
0.000037	0.001645
0.0000372	0.001645
0.0000374	0.001645
0.0000376	0.001645
0.0000378	0.001645
0.000038	0.001645
0.0000382	0.001645
0.0000384	0.001645
0.0000386	0.001645
0.0000388	0.001645
0.000039	0.001645
0.0000392	0.001645
0.0000394	0.001645
0.0000396	0.001645
0.0000398	0.001645
0.00004	0.001645
0.0000402	0.001645
0.0000404	0.001645
0.0000406	0.001645
0.0000408	0.001645
0.000041	0.001645
0.0000412	0.001645
0.0000414	0.001645
0.0000416	0.001645
0.0000418	0.001645
0.000042	0.001645
0.0000422	0.001645
0.0000424	0.001645
0.0000426	0.001645
0.0000428	0.001645
0.000043	0.001645
0.0000432	0.001645
0.0000434	0.001645
0.0000436	0.001645
0.0000438	0.001645
0.000044	0.001645
0.0000442	0.001645
0.0000444	0.001645
0.0000446	0.001645
0.0000448	0.001645
0.000045	0.001645
0.0000452	0.001645
0.0000454	0.001645
0.0000456	0.001645
0.0000458	0.001645
0.000046	0.001645
0.0000462	0.001645
4.64E-05	0.001645
4.66E-05	0.001645
4.68E-05	0.001645
4.7E-05	0.001645
4.72E-05	0.001645
4.74E-05	0.001645
4.76E-05	0.001645
4.78E-05	0.001645
4.8E-05	0.001645
4.82E-05	0.0016039
4.84E-05	0.0015628
4.86E-05	0.0015217
4.88E-05	0.0014806
4.9E-05	0.0014395
4.92E-05	0.0013984
4.94E-05	0.0013573
4.96E-05	0.0013162
4.98E-05	0.0012751
5E-05	0.001234
5.02E-05	0.001234
5.04E-05	0.001234
5.06E-05	0.001234
5.08E-05	0.001234
5.1E-05	0.001234
5.12E-05	0.001234
5.14E-05	0.001234
5.16E-05	0.001234
5.18E-05	0.001234
5.2E-05	0.001234
5.22E-05	0.0011928
5.24E-05	0.0011516
5.26E-05	0.0011104
5.28E-05	0.0010692
5.3E-05	0.001028
5.32E-05	0.0009868
5.34E-05	0.0009456
5.36E-05	0.0009044
5.38E-05	0.0008632
5.4E-05	0.000822
5.42E-05	0.000822
5.44E-05	0.000822
5.46E-05	0.000822
5.48E-05	0.000822
5.5E-05	0.000822
5.52E-05	0.000822
5.54E-05	0.000822
5.56E-05	0.000822
5.58E-05	0.000822
5.6E-05	0.000822
5.62E-05	0.0007809
5.64E-05	0.0007398
5.66E-05	0.0006987
5.68E-05	0.0006576
5.7E-05	0.0006165
5.72E-05	0.0005754
5.74E-05	0.0005343
5.76E-05	0.0004932
5.78E-05	0.0004521
5.8E-05	0.000411
5.82E-05	0.000411
5.84E-05	0.000411
5.86E-05	0.000411
5.88E-05	0.000411
5.9E-05	0.000411
5.92E-05	0.000411
5.94E-05	0.000411
5.96E-05	0.000411
5.98E-05	0.000411
6E-05	0.000411
6.02E-05	0.00037
6.04E-05	0.000329
6.06E-05	0.000288
6.08E-05	0.000247
6.1E-05	0.000206
6.12E-05	0.000165
6.14E-05	0.000124
6.16E-05	8.30E-05
6.18E-05	4.20E-05
6.2E-05	1.00E-06
6.22E-05	1.00E-06
6.24E-05	1.00E-06
6.26E-05	1.00E-06
6.28E-05	1.00E-06
6.3E-05	1.00E-06
6.32E-05	1.00E-06
6.34E-05	1.00E-06
6.36E-05	1.00E-06
6.38E-05	1.00E-06
6.4E-05	1.00E-06
6.42E-05	1.00E-06
6.44E-05	1.00E-06
6.46E-05	1.00E-06
6.48E-05	1.00E-06
6.5E-05	1.00E-06
6.52E-05	1.00E-06
6.54E-05	1.00E-06
6.56E-05	1.00E-06
6.58E-05	1.00E-06
6.6E-05	1.00E-06
6.62E-05	1.00E-06
6.64E-05	1.00E-06
6.66E-05	1.00E-06
6.68E-05	1.00E-06
6.7E-05	1.00E-06
0.0000672	1.00E-06
0.0000674	1.00E-06
0.0000676	1.00E-06
0.0000678	1.00E-06
0.000068	1.00E-06
0.0000682	1.00E-06
0.0000684	1.00E-06
0.0000686	1.00E-06
0.0000688	1.00E-06
0.000069	1.00E-06
0.0000692	1.00E-06
0.0000694	1.00E-06
0.0000696	1.00E-06
0.0000698	1.00E-06
0.00007	1.00E-06
0.0000702	1.00E-06
0.0000704	1.00E-06
0.0000706	1.00E-06
0.0000708	1.00E-06
0.000071	1.00E-06
7.12E-05	1.00E-06
7.14E-05	1.00E-06
7.16E-05	1.00E-06
7.18E-05	1.00E-06
7.2E-05	1.00E-06
7.22E-05	1.00E-06
7.24E-05	1.00E-06
7.26E-05	1.00E-06
7.28E-05	1.00E-06
7.3E-05	1.00E-06
7.32E-05	1.00E-06
7.34E-05	1.00E-06
7.36E-05	1.00E-06
7.38E-05	1.00E-06
7.4E-05	1.00E-06
7.42E-05	4.20E-05
7.44E-05	8.30E-05
7.46E-05	0.000124
7.48E-05	0.000165
7.5E-05	0.000206
7.52E-05	0.000247
7.54E-05	0.000288
7.56E-05	0.000329
7.58E-05	0.00037
7.6E-05	0.000411
7.62E-05	0.0004521
7.64E-05	0.0004932
7.66E-05	0.0005343
7.68E-05	0.0005754
7.7E-05	0.0006165
7.72E-05	0.0006576
7.74E-05	0.0006987
7.76E-05	0.0007398
7.78E-05	0.0007809
7.8E-05	0.000822
7.82E-05	0.000822
7.84E-05	0.000822
7.86E-05	0.000822
7.88E-05	0.000822
7.9E-05	0.000822
7.92E-05	0.000822
7.94E-05	0.000822
7.96E-05	0.000822
7.98E-05	0.000822
8E-05	0.000822
8.02E-05	0.000822
8.04E-05	0.000822
8.06E-05	0.000822
8.08E-05	0.000822
8.1E-05	0.000822
8.12E-05	0.000822
8.14E-05	0.000822
8.16E-05	0.000822
8.18E-05	0.000822
8.2E-05	0.000822
8.22E-05	0.000822
8.24E-05	0.000822
8.26E-05	0.000822
8.28E-05	0.000822
8.3E-05	0.000822
8.32E-05	0.000822
8.34E-05	0.000822
8.36E-05	0.000822
8.38E-05	0.000822
8.4E-05	0.000822
8.42E-05	0.0008632
8.44E-05	0.0009044
8.46E-05	0.0009456
8.48E-05	0.0009868
8.5E-05	0.001028
8.52E-05	0.0010692
8.54E-05	0.0011104
8.56E-05	0.0011516
8.58E-05	0.0011928
8.6E-05	0.001234
8.62E-05	0.001234
8.64E-05	0.001234
8.66E-05	0.001234
8.68E-05	0.001234
8.7E-05	0.001234
8.72E-05	0.001234
8.74E-05	0.001234
8.76E-05	0.001234
8.78E-05	0.001234
8.8E-05	0.001234
8.82E-05	0.001234
8.84E-05	0.001234
8.86E-05	0.001234
8.88E-05	0.001234
8.9E-05	0.001234
8.92E-05	0.001234
8.94E-05	0.001234
8.96E-05	0.001234
8.98E-05	0.001234
9E-05	0.001234
9.02E-05	0.0012751
9.04E-05	0.0013162
9.06E-05	0.0013573
9.08E-05	0.0013984
9.1E-05	0.0014395
9.12E-05	0.0014806
9.14E-05	0.0015217
9.16E-05	0.0015628
9.18E-05	0.0016039
9.2E-05	0.001645
9.22E-05	0.001645
9.24E-05	0.001645
9.26E-05	0.001645
9.28E-05	0.001645
9.3E-05	0.001645
9.32E-05	0.001645
9.34E-05	0.001645
9.36E-05	0.001645
9.38E-05	0.001645
9.4E-05	0.001645
9.42E-05	0.0016861
9.44E-05	0.0017272
9.46E-05	0.0017683
9.48E-05	0.0018094
9.5E-05	0.0018505
9.52E-05	0.0018916
9.54E-05	0.0019327
9.56E-05	0.0019738
9.58E-05	0.0020149
9.6E-05	0.002056
9.62E-05	0.002056
9.64E-05	0.002056
9.66E-05	0.002056
9.68E-05	0.002056
9.7E-05	0.002056
9.72E-05	0.002056
9.74E-05	0.002056
9.76E-05	0.002056
9.78E-05	0.002056
9.8E-05	0.002056
9.82E-05	0.002056
9.84E-05	0.002056
9.86E-05	0.002056
9.88E-05	0.002056
9.9E-05	0.002056
9.92E-05	0.002056
9.94E-05	0.002056
9.96E-05	0.002056
9.98E-05	0.002056
0.0001	0.002056
0.0001002	0.002056
0.0001004	0.002056
0.0001006	0.002056
0.0001008	0.002056
0.000101	0.002056
0.0001012	0.002056
0.0001014	0.002056
0.0001016	0.002056
0.0001018	0.002056
0.000102	0.002056
0.0001022	0.002056
0.0001024	0.002056
0.0001026	0.002056
0.0001028	0.002056
0.000103	0.002056
0.0001032	0.002056
0.0001034	0.002056
0.0001036	0.002056
0.0001038	0.002056
0.000104	0.002056
0.0001042	0.002056
0.0001044	0.002056
0.0001046	0.002056
0.0001048	0.002056
0.000105	0.002056
0.0001052	0.002056
0.0001054	0.002056
0.0001056	0.002056
0.0001058	0.002056
0.000106	0.002056
0.0001062	0.0020149
0.0001064	0.0019738
0.0001066	0.0019327
0.0001068	0.0018916
0.000107	0.0018505
0.0001072	0.0018094
0.0001074	0.0017683
0.0001076	0.0017272
0.0001078	0.0016861
0.000108	0.001645
0.0001082	0.0016861
0.0001084	0.0017272
0.0001086	0.0017683
0.0001088	0.0018094
0.000109	0.0018505
0.0001092	0.0018916
0.0001094	0.0019327
0.0001096	0.0019738
0.0001098	0.0020149
0.00011	0.002056
0.0001102	0.002056
0.0001104	0.002056
0.0001106	0.002056
0.0001108	0.002056
0.000111	0.002056
0.0001112	0.002056
0.0001114	0.002056
0.0001116	0.002056
0.0001118	0.002056
0.000112	0.002056
0.0001122	0.002056
0.0001124	0.002056
0.0001126	0.002056
0.0001128	0.002056
0.000113	0.002056
0.0001132	0.002056
0.0001134	0.002056
0.0001136	0.002056
0.0001138	0.002056
0.000114	0.002056
0.0001142	0.002056
0.0001144	0.002056
0.0001146	0.002056
0.0001148	0.002056
0.000115	0.002056
0.0001152	0.002056
0.0001154	0.002056
0.0001156	0.002056
0.0001158	0.002056
0.000116	0.002056
0.0001162	0.0020971
0.0001164	0.0021382
0.0001166	0.0021793
0.0001168	0.0022204
0.000117	0.0022615
0.0001172	0.0023026
0.0001174	0.0023437
0.0001176	0.0023848
0.0001178	0.0024259
0.000118	0.002467
0.0001182	0.002467
0.0001184	0.002467
0.0001186	0.002467
0.0001188	0.002467
0.000119	0.002467
0.0001192	0.002467
0.0001194	0.002467
0.0001196	0.002467
0.0001198	0.002467
0.00012	0.002467
0.0001202	0.0025081
0.0001204	0.0025492
0.0001206	0.0025903
0.0001208	0.0026314
0.000121	0.0026725
0.0001212	0.0027136
0.0001214	0.0027547
0.0001216	0.0027958
0.0001218	0.0028369
0.000122	0.002878
0.0001222	0.0029191
0.0001224	0.0029602
0.0001226	0.0030013
0.0001228	0.0030424
0.000123	0.0030835
0.0001232	0.0031246
0.0001234	0.0031657
0.0001236	0.0032068
0.0001238	0.0032479
0.000124	0.003289
0.0001242	0.0033302
0.0001244	0.0033714
0.0001246	0.0034126
0.0001248	0.0034538
0.000125	0.003495
0.0001252	0.0035362
0.0001254	0.0035774
0.0001256	0.0036186
0.0001258	0.0036598
0.000126	0.003701
0.0001262	0.0037421
0.0001264	0.0037832
0.0001266	0.0038243
0.0001268	0.0038654
0.000127	0.0039065
0.0001272	0.0039476
0.0001274	0.0039887
0.0001276	0.0040298
0.0001278	0.0040709
0.000128	0.004112
0.0001282	0.0041531
0.0001284	0.0041942
0.0001286	0.0042353
0.0001288	0.0042764
0.000129	0.0043175
0.0001292	0.0043586
0.0001294	0.0043997
0.0001296	0.0044408
0.0001298	0.0044819
0.00013	0.004523
0.0001302	0.004523
0.0001304	0.004523
0.0001306	0.004523
0.0001308	0.004523
0.000131	0.004523
0.0001312	0.004523
0.0001314	0.004523
0.0001316	0.004523
0.0001318	0.004523
0.000132	0.004523
0.0001322	0.0045641
0.0001324	0.0046052
0.0001326	0.0046463
0.0001328	0.0046874
0.000133	0.0047285
0.0001332	0.0047696
0.0001334	0.0048107
0.0001336	0.0048518
0.0001338	0.0048929
0.000134	0.004934
0.0001342	0.0049751
0.0001344	0.0050162
0.0001346	0.0050573
0.0001348	0.0050984
0.000135	0.0051395
0.0001352	0.0051806
0.0001354	0.0052217
0.0001356	0.0052628
0.0001358	0.0053039
0.000136	0.005345
0.0001362	0.0053862
0.0001364	0.0054274
0.0001366	0.0054686
0.0001368	0.0055098
0.000137	0.005551
0.0001372	0.0055922
0.0001374	0.0056334
0.0001376	0.0056746
0.0001378	0.0057158
0.000138	0.005757
0.0001382	0.005757
0.0001384	0.005757
0.0001386	0.005757
0.0001388	0.005757
0.000139	0.005757
0.0001392	0.005757
0.0001394	0.005757
0.0001396	0.005757
0.0001398	0.005757
0.00014	0.005757
0.0001402	0.0057981
0.0001404	0.0058392
0.0001406	0.0058803
0.0001408	0.0059214
0.000141	0.0059625
0.0001412	0.0060036
0.0001414	0.0060447
0.0001416	0.0060858
0.0001418	0.0061269
0.000142	0.006168
0.0001422	0.0062091
0.0001424	0.0062502
0.0001426	0.0062913
0.0001428	0.0063324
0.000143	0.0063735
0.0001432	0.0064146
0.0001434	0.0064557
0.0001436	0.0064968
0.0001438	0.0065379
0.000144	0.006579
0.0001442	0.0066201
0.0001444	0.0066612
0.0001446	0.0067023
0.0001448	0.0067434
0.000145	0.0067845
0.0001452	0.0068256
0.0001454	0.0068667
0.0001456	0.0069078
0.0001458	0.0069489
0.000146	0.00699
0.0001462	0.00699
0.0001464	0.00699
0.0001466	0.00699
0.0001468	0.00699
0.000147	0.00699
0.0001472	0.00699
0.0001474	0.00699
0.0001476	0.00699
0.0001478	0.00699
0.000148	0.00699
0.0001482	0.0070311
0.0001484	0.0070722
0.0001486	0.0071133
0.0001488	0.0071544
0.000149	0.0071955
0.0001492	0.0072366
0.0001494	0.0072777
0.0001496	0.0073188
0.0001498	0.0073599
0.00015	0.007401
0.0001502	0.007401
0.0001504	0.007401
0.0001506	0.007401
0.0001508	0.007401
0.000151	0.007401
0.0001512	0.007401
0.0001514	0.007401
0.0001516	0.007401
0.0001518	0.007401
0.000152	0.007401
0.0001522	0.007401
0.0001524	0.007401
0.0001526	0.007401
0.0001528	0.007401
0.000153	0.007401
0.0001532	0.007401
0.0001534	0.007401
0.0001536	0.007401
0.0001538	0.007401
0.000154	0.007401
0.0001542	0.007401
0.0001544	0.007401
0.0001546	0.007401
0.0001548	0.007401
0.000155	0.007401
0.0001552	0.007401
0.0001554	0.007401
0.0001556	0.007401
0.0001558	0.007401
0.000156	0.007401
0.0001562	0.007401
0.0001564	0.007401
0.0001566	0.007401
0.0001568	0.007401
0.000157	0.007401
0.0001572	0.007401
0.0001574	0.007401
0.0001576	0.007401
0.0001578	0.007401
0.000158	0.007401
0.0001582	0.007401
0.0001584	0.007401
0.0001586	0.007401
0.0001588	0.007401
0.000159	0.007401
0.0001592	0.007401
0.0001594	0.007401
0.0001596	0.007401
0.0001598	0.007401
0.00016	0.007401
0.0001602	0.007401
0.0001604	0.007401
0.0001606	0.007401
0.0001608	0.007401
0.000161	0.007401
0.0001612	0.007401
0.0001614	0.007401
0.0001616	0.007401
0.0001618	0.007401
0.000162	0.007401
0.0001622	0.007401
0.0001624	0.007401
0.0001626	0.007401
0.0001628	0.007401
0.000163	0.007401
0.0001632	0.007401
0.0001634	0.007401
0.0001636	0.007401
0.0001638	0.007401
0.000164	0.007401
0.0001642	0.0074422
0.0001644	0.0074834
0.0001646	0.0075246
0.0001648	0.0075658
0.000165	0.007607
0.0001652	0.0076482
0.0001654	0.0076894
0.0001656	0.0077306
0.0001658	0.0077718
0.000166	0.007813
0.0001662	0.007813
0.0001664	0.007813
0.0001666	0.007813
0.0001668	0.007813
0.000167	0.007813
0.0001672	0.007813
0.0001674	0.007813
0.0001676	0.007813
0.0001678	0.007813
0.000168	0.007813
0.0001682	0.0078541
0.0001684	0.0078952
0.0001686	0.0079363
0.0001688	0.0079774
0.000169	0.0080185
0.0001692	0.0080596
0.0001694	0.0081007
0.0001696	0.0081418
0.0001698	0.0081829
0.00017	0.008224
0.0001702	0.0082651
0.0001704	0.0083062
0.0001706	0.0083473
0.0001708	0.0083884
0.000171	0.0084295
0.0001712	0.0084706
0.0001714	0.0085117
0.0001716	0.0085528
0.0001718	0.0085939
0.000172	0.008635
0.0001722	0.0086761
0.0001724	0.0087172
0.0001726	0.0087583
0.0001728	0.0087994
0.000173	0.0088405
0.0001732	0.0088816
0.0001734	0.0089227
0.0001736	0.0089638
0.0001738	0.0090049
0.000174	0.009046
0.0001742	0.0090871
0.0001744	0.0091282
0.0001746	0.0091693
0.0001748	0.0092104
0.000175	0.0092515
0.0001752	0.0092926
0.0001754	0.0093337
0.0001756	0.0093748
0.0001758	0.0094159
0.000176	0.009457
0.0001762	0.0094981
0.0001764	0.0095392
0.0001766	0.0095803
0.0001768	0.0096214
0.000177	0.0096625
0.0001772	0.0097036
0.0001774	0.0097447
0.0001776	0.0097858
0.0001778	0.0098269
0.000178	0.009868
0.0001782	0.0099092
0.0001784	0.0099504
0.0001786	0.0099916
0.0001788	0.0100328
0.000179	0.010074
0.0001792	0.0101152
0.0001794	0.0101564
0.0001796	0.0101976
0.0001798	0.0102388
0.00018	0.01028
0.0001802	0.0103211
0.0001804	0.0103622
0.0001806	0.0104033
0.0001808	0.0104444
0.000181	0.0104855
0.0001812	0.0105266
0.0001814	0.0105677
0.0001816	0.0106088
0.0001818	0.0106499
0.000182	0.010691
0.0001822	0.0117601
0.0001824	0.0128292
0.0001826	0.0138983
0.0001828	0.0149674
0.000183	0.0160365
0.0001832	0.0171056
0.0001834	0.0181747
0.0001836	0.0192438
0.0001838	0.0203129
0.000184	0.021382
0.0001842	0.0233145
0.0001844	0.025247
0.0001846	0.0271795
0.0001848	0.029112
0.000185	0.0310445
0.0001852	0.032977
0.0001854	0.0349095
0.0001856	0.036842
0.0001858	0.0387745
0.000186	0.040707
0.0001862	0.0425985
0.0001864	0.04449
0.0001866	0.0463815
0.0001868	0.048273
0.000187	0.0501645
0.0001872	0.052056
0.0001874	0.0539475
0.0001876	0.055839
0.0001878	0.0577305
0.000188	0.059622
0.0001882	0.0633226
0.0001884	0.0670232
0.0001886	0.0707238
0.0001888	0.0744244
0.000189	0.078125
0.0001892	0.0818256
0.0001894	0.0855262
0.0001896	0.0892268
0.0001898	0.0929274
0.00019	0.096628
0.0001902	0.101357
0.0001904	0.106085
0.0001906	0.110814
0.0001908	0.115542
0.000191	0.120271
0.0001912	0.125
0.0001914	0.129728
0.0001916	0.134457
0.0001918	0.139185
0.000192	0.143914
0.0001922	0.149794
0.0001924	0.155674
0.0001926	0.161554
0.0001928	0.167434
0.000193	0.173314
0.0001932	0.179194
0.0001934	0.185074
0.0001936	0.190954
0.0001938	0.196834
0.000194	0.202714
0.0001942	0.209869
0.0001944	0.217023
0.0001946	0.224178
0.0001948	0.231332
0.000195	0.238487
0.0001952	0.245642
0.0001954	0.252796
0.0001956	0.259951
0.0001958	0.267105
0.000196	0.27426
0.0001962	0.282278
0.0001964	0.290296
0.0001966	0.298314
0.0001968	0.306332
0.000197	0.314351
0.0001972	0.322369
0.0001974	0.330387
0.0001976	0.338405
0.0001978	0.346423
0.000198	0.354441
0.0001982	0.362336
0.0001984	0.37023
0.0001986	0.378125
0.0001988	0.38602
0.000199	0.393915
0.0001992	0.401809
0.0001994	0.409704
0.0001996	0.417599
0.0001998	0.425493
0.0002	0.433388
0.0002002	0.440625
0.0002004	0.447862
0.0002006	0.455099
0.0002008	0.462336
0.000201	0.469573
0.0002012	0.476809
0.0002014	0.484046
0.0002016	0.491283
0.0002018	0.49852
0.000202	0.505757
0.0002022	0.512665
0.0002024	0.519573
0.0002026	0.526481
0.0002028	0.533389
0.000203	0.540297
0.0002032	0.547204
0.0002034	0.554112
0.0002036	0.56102
0.0002038	0.567928
0.000204	0.574836
0.0002042	0.582114
0.0002044	0.589392
0.0002046	0.59667
0.0002048	0.603948
0.000205	0.611226
0.0002052	0.618503
0.0002054	0.625781
0.0002056	0.633059
0.0002058	0.640337
0.000206	0.647615
0.0002062	0.653125
0.0002064	0.658635
0.0002066	0.664145
0.0002068	0.669655
0.000207	0.675165
0.0002072	0.680674
0.0002074	0.686184
0.0002076	0.691694
0.0002078	0.697204
0.000208	0.702714
0.0002082	0.70736
0.0002084	0.712007
0.0002086	0.716653
0.0002088	0.7213
0.000209	0.725946
0.0002092	0.730592
0.0002094	0.735239
0.0002096	0.739885
0.0002098	0.744532
0.00021	0.749178
0.0002102	0.752673
0.0002104	0.756168
0.0002106	0.759663
0.0002108	0.763158
0.000211	0.766653
0.0002112	0.770148
0.0002114	0.773643
0.0002116	0.777138
0.0002118	0.780633
0.000212	0.784128
0.0002122	0.786472
0.0002124	0.788816
0.0002126	0.791159
0.0002128	0.793503
0.000213	0.795847
0.0002132	0.798191
0.0002134	0.800535
0.0002136	0.802878
0.0002138	0.805222
0.000214	0.807566
0.0002142	0.809293
0.0002144	0.81102
0.0002146	0.812747
0.0002148	0.814474
0.000215	0.816201
0.0002152	0.817928
0.0002154	0.819655
0.0002156	0.821382
0.0002158	0.823109
0.000216	0.824836
0.0002162	0.826686
0.0002164	0.828537
0.0002166	0.830387
0.0002168	0.832237
0.000217	0.834088
0.0002172	0.835938
0.0002174	0.837788
0.0002176	0.839638
0.0002178	0.841489
0.000218	0.843339
0.0002182	0.844901
0.0002184	0.846464
0.0002186	0.848027
0.0002188	0.849589
0.000219	0.851151
0.0002192	0.852714
0.0002194	0.854276
0.0002196	0.855839
0.0002198	0.857402
0.00022	0.858964
0.0002202	0.86028
0.0002204	0.861596
0.0002206	0.862911
0.0002208	0.864227
0.000221	0.865543
0.0002212	0.866859
0.0002214	0.868175
0.0002216	0.86949
0.0002218	0.870806
0.000222	0.872122
0.0002222	0.87315
0.0002224	0.874178
0.0002226	0.875206
0.0002228	0.876234
0.000223	0.877262
0.0002232	0.878289
0.0002234	0.879317
0.0002236	0.880345
0.0002238	0.881373
0.000224	0.882401
0.0002242	0.883306
0.0002244	0.88421
0.0002246	0.885115
0.0002248	0.886019
0.000225	0.886924
0.0002252	0.887829
0.0002254	0.888733
0.0002256	0.889638
0.0002258	0.890542
0.000226	0.891447
0.0002262	0.892393
0.0002264	0.893339
0.0002266	0.894284
0.0002268	0.89523
0.000227	0.896176
0.0002272	0.897122
0.0002274	0.898068
0.0002276	0.899013
0.0002278	0.899959
0.000228	0.900905
0.0002282	0.901892
0.0002284	0.902879
0.0002286	0.903865
0.0002288	0.904852
0.000229	0.905839
0.0002292	0.906826
0.0002294	0.907813
0.0002296	0.908799
0.0002298	0.909786
0.00023	0.910773
0.0002302	0.911678
0.0002304	0.912582
0.0002306	0.913487
0.0002308	0.914391
0.000231	0.915296
0.0002312	0.916201
0.0002314	0.917105
0.0002316	0.91801
0.0002318	0.918914
0.000232	0.919819
0.0002322	0.920518
0.0002324	0.921217
0.0002326	0.921916
0.0002328	0.922615
0.000233	0.923314
0.0002332	0.924013
0.0002334	0.924712
0.0002336	0.925411
0.0002338	0.92611
0.000234	0.926809
0.0002342	0.92759
0.0002344	0.928372
0.0002346	0.929153
0.0002348	0.929934
0.000235	0.930716
0.0002352	0.931497
0.0002354	0.932278
0.0002356	0.933059
0.0002358	0.933841
0.000236	0.934622
0.0002362	0.935321
0.0002364	0.93602
0.0002366	0.936719
0.0002368	0.937418
0.000237	0.938117
0.0002372	0.938816
0.0002374	0.939515
0.0002376	0.940214
0.0002378	0.940913
0.000238	0.941612
0.0002382	0.942105
0.0002384	0.942599
0.0002386	0.943092
0.0002388	0.943586
0.000239	0.944079
0.0002392	0.944572
0.0002394	0.945066
0.0002396	0.945559
0.0002398	0.946053
0.00024	0.946546
0.0002402	0.946916
0.0002404	0.947286
0.0002406	0.947656
0.0002408	0.948026
0.000241	0.948396
0.0002412	0.948767
0.0002414	0.949137
0.0002416	0.949507
0.0002418	0.949877
0.000242	0.950247
0.0002422	0.950823
0.0002424	0.951398
0.0002426	0.951974
0.0002428	0.952549
0.000243	0.953125
0.0002432	0.953701
0.0002434	0.954276
0.0002436	0.954852
0.0002438	0.955427
0.000244	0.956003
0.0002442	0.956661
0.0002444	0.957319
0.0002446	0.957977
0.0002448	0.958635
0.000245	0.959293
0.0002452	0.95995
0.0002454	0.960608
0.0002456	0.961266
0.0002458	0.961924
0.000246	0.962582
0.0002462	0.963117
0.0002464	0.963651
0.0002466	0.964186
0.0002468	0.96472
0.000247	0.965255
0.0002472	0.96579
0.0002474	0.966324
0.0002476	0.966859
0.0002478	0.967393
0.000248	0.967928
0.0002482	0.968586
0.0002484	0.969244
0.0002486	0.969902
0.0002488	0.97056
0.000249	0.971218
0.0002492	0.971875
0.0002494	0.972533
0.0002496	0.973191
0.0002498	0.973849
0.00025	0.974507
0.0002502	0.975042
0.0002504	0.975576
0.0002506	0.97611
0.0002508	0.976645
0.000251	0.97718
0.0002512	0.977714
0.0002514	0.978249
0.0002516	0.978783
0.0002518	0.979318
0.000252	0.979852
0.0002522	0.980428
0.0002524	0.981003
0.0002526	0.981579
0.0002528	0.982155
0.000253	0.982731
0.0002532	0.983306
0.0002534	0.983882
0.0002536	0.984458
0.0002538	0.985033
0.000254	0.985609
0.0002542	0.986061
0.0002544	0.986514
0.0002546	0.986966
0.0002548	0.987418
0.000255	0.987871
0.0002552	0.988323
0.0002554	0.988775
0.0002556	0.989227
0.0002558	0.98968
0.000256	0.990132
0.0002562	0.990708
0.0002564	0.991283
0.0002566	0.991859
0.0002568	0.992434
0.000257	0.99301
0.0002572	0.993586
0.0002574	0.994161
0.0002576	0.994737
0.0002578	0.995312
0.000258	0.995888
0.0002582	0.996135
0.0002584	0.996381
0.0002586	0.996628
0.0002588	0.996875
0.000259	0.997121
0.0002592	0.997368
0.0002594	0.997615
0.0002596	0.997862
0.0002598	0.998108
0.00026	0.998355
0.0002602	0.99852
0.0002604	0.998684
0.0002606	0.998849
0.0002608	0.999013
0.000261	0.999178
0.0002612	0.999342
0.0002614	0.999506
0.0002616	0.999671
0.0002618	0.999835
0.000262	1
0.0002622	0.999959
0.0002624	0.999918
0.0002626	0.999877
0.0002628	0.999836
0.000263	0.999795
0.0002632	0.999753
0.0002634	0.999712
0.0002636	0.999671
0.0002638	0.99963
0.000264	0.999589
0.0002642	0.999507
0.0002644	0.999424
0.0002646	0.999342
0.0002648	0.99926
0.000265	0.999177
0.0002652	0.999095
0.0002654	0.999013
0.0002656	0.998931
0.0002658	0.998848
0.000266	0.998766
0.0002662	0.998684
0.0002664	0.998602
0.0002666	0.998519
0.0002668	0.998437
0.000267	0.998355
0.0002672	0.998273
0.0002674	0.998191
0.0002676	0.998108
0.0002678	0.998026
0.000268	0.997944
0.0002682	0.997821
0.0002684	0.997697
0.0002686	0.997574
0.0002688	0.997451
0.000269	0.997328
0.0002692	0.997204
0.0002694	0.997081
0.0002696	0.996958
0.0002698	0.996834
0.00027	0.996711
0.0002702	0.996259
0.0002704	0.995806
0.0002706	0.995354
0.0002708	0.994902
0.000271	0.994449
0.0002712	0.993997
0.0002714	0.993545
0.0002716	0.993093
0.0002718	0.99264
0.000272	0.992188
0.0002722	0.992065
0.0002724	0.991941
0.0002726	0.991818
0.0002728	0.991694
0.000273	0.991571
0.0002732	0.991448
0.0002734	0.991324
0.0002736	0.991201
0.0002738	0.991077
0.000274	0.990954
0.0002742	0.990584
0.0002744	0.990214
0.0002746	0.989844
0.0002748	0.989474
0.000275	0.989104
0.0002752	0.988733
0.0002754	0.988363
0.0002756	0.987993
0.0002758	0.987623
0.000276	0.987253
0.0002762	0.98713
0.0002764	0.987006
0.0002766	0.986883
0.0002768	0.98676
0.000277	0.986637
0.0002772	0.986513
0.0002774	0.98639
0.0002776	0.986267
0.0002778	0.986143
0.000278	0.98602
0.0002782	0.985773
0.0002784	0.985527
0.0002786	0.98528
0.0002788	0.985033
0.000279	0.984787
0.0002792	0.98454
0.0002794	0.984293
0.0002796	0.984046
0.0002798	0.9838
0.00028	0.983553
0.0002802	0.983101
0.0002804	0.982648
0.0002806	0.982196
0.0002808	0.981744
0.000281	0.981291
0.0002812	0.980839
0.0002814	0.980387
0.0002816	0.979935
0.0002818	0.979482
0.000282	0.97903
0.0002822	0.978536
0.0002824	0.978043
0.0002826	0.977549
0.0002828	0.977056
0.000283	0.976562
0.0002832	0.976069
0.0002834	0.975576
0.0002836	0.975082
0.0002838	0.974589
0.000284	0.974095
0.0002842	0.973643
0.0002844	0.97319
0.0002846	0.972738
0.0002848	0.972286
0.000285	0.971833
0.0002852	0.971381
0.0002854	0.970929
0.0002856	0.970477
0.0002858	0.970024
0.000286	0.969572
0.0002862	0.96949
0.0002864	0.969408
0.0002866	0.969325
0.0002868	0.969243
0.000287	0.969161
0.0002872	0.969079
0.0002874	0.968997
0.0002876	0.968914
0.0002878	0.968832
0.000288	0.96875
0.0002882	0.96875
0.0002884	0.96875
0.0002886	0.96875
0.0002888	0.96875
0.000289	0.96875
0.0002892	0.96875
0.0002894	0.96875
0.0002896	0.96875
0.0002898	0.96875
0.00029	0.96875
0.0002902	0.968585
0.0002904	0.968421
0.0002906	0.968256
0.0002908	0.968092
0.000291	0.967927
0.0002912	0.967763
0.0002914	0.967598
0.0002916	0.967434
0.0002918	0.96727
0.000292	0.967105
0.0002922	0.966817
0.0002924	0.966529
0.0002926	0.966242
0.0002928	0.965954
0.000293	0.965666
0.0002932	0.965378
0.0002934	0.96509
0.0002936	0.964803
0.0002938	0.964515
0.000294	0.964227
0.0002942	0.964021
0.0002944	0.963816
0.0002946	0.96361
0.0002948	0.963405
0.000295	0.963199
0.0002952	0.962993
0.0002954	0.962788
0.0002956	0.962582
0.0002958	0.962377
0.000296	0.962171
0.0002962	0.96176
0.0002964	0.961349
0.0002966	0.960937
0.0002968	0.960526
0.000297	0.960115
0.0002972	0.959704
0.0002974	0.959293
0.0002976	0.958881
0.0002978	0.95847
0.000298	0.958059
0.0002982	0.957812
0.0002984	0.957566
0.0002986	0.957319
0.0002988	0.957072
0.000299	0.956825
0.0002992	0.956579
0.0002994	0.956332
0.0002996	0.956085
0.0002998	0.955839
0.0003	0.955592
0.0003002	0.955304
0.0003004	0.955016
0.0003006	0.954729
0.0003008	0.954441
0.000301	0.954153
0.0003012	0.953865
0.0003014	0.953577
0.0003016	0.95329
0.0003018	0.953002
0.000302	0.952714
0.0003022	0.95185
0.0003024	0.950987
0.0003026	0.950123
0.0003028	0.94926
0.000303	0.948396
0.0003032	0.947533
0.0003034	0.94667
0.0003036	0.945806
0.0003038	0.944943
0.000304	0.944079
0.0003042	0.942887
0.0003044	0.941694
0.0003046	0.940502
0.0003048	0.939309
0.000305	0.938117
0.0003052	0.936925
0.0003054	0.935732
0.0003056	0.93454
0.0003058	0.933347
0.000306	0.932155
0.0003062	0.931045
0.0003064	0.929935
0.0003066	0.928824
0.0003068	0.927714
0.000307	0.926604
0.0003072	0.925494
0.0003074	0.924384
0.0003076	0.923273
0.0003078	0.922163
0.000308	0.921053
0.0003082	0.919819
0.0003084	0.918586
0.0003086	0.917352
0.0003088	0.916119
0.000309	0.914885
0.0003092	0.913651
0.0003094	0.912418
0.0003096	0.911184
0.0003098	0.909951
0.00031	0.908717
0.0003102	0.907442
0.0003104	0.906168
0.0003106	0.904893
0.0003108	0.903618
0.000311	0.902343
0.0003112	0.901069
0.0003114	0.899794
0.0003116	0.898519
0.0003118	0.897245
0.000312	0.89597
0.0003122	0.894695
0.0003124	0.893421
0.0003126	0.892146
0.0003128	0.890872
0.000313	0.889597
0.0003132	0.888322
0.0003134	0.887048
0.0003136	0.885773
0.0003138	0.884499
0.000314	0.883224
0.0003142	0.881949
0.0003144	0.880675
0.0003146	0.8794
0.0003148	0.878125
0.000315	0.87685
0.0003152	0.875576
0.0003154	0.874301
0.0003156	0.873026
0.0003158	0.871752
0.000316	0.870477
0.0003162	0.869243
0.0003164	0.86801
0.0003166	0.866776
0.0003168	0.865543
0.000317	0.864309
0.0003172	0.863075
0.0003174	0.861842
0.0003176	0.860608
0.0003178	0.859375
0.000318	0.858141
0.0003182	0.857236
0.0003184	0.856332
0.0003186	0.855427
0.0003188	0.854523
0.000319	0.853618
0.0003192	0.852713
0.0003194	0.851809
0.0003196	0.850904
0.0003198	0.85
0.00032	0.849095
0.0003202	0.848684
0.0003204	0.848273
0.0003206	0.847862
0.0003208	0.847451
0.000321	0.847039
0.0003212	0.846628
0.0003214	0.846217
0.0003216	0.845806
0.0003218	0.845395
0.000322	0.844984
0.0003222	0.844408
0.0003224	0.843833
0.0003226	0.843257
0.0003228	0.842681
0.000323	0.842105
0.0003232	0.84153
0.0003234	0.840954
0.0003236	0.840378
0.0003238	0.839803
0.000324	0.839227
0.0003242	0.838076
0.0003244	0.836924
0.0003246	0.835773
0.0003248	0.834622
0.000325	0.83347
0.0003252	0.832319
0.0003254	0.831168
0.0003256	0.830017
0.0003258	0.828865
0.000326	0.827714
0.0003262	0.826809
0.0003264	0.825905
0.0003266	0.825
0.0003268	0.824096
0.000327	0.823191
0.0003272	0.822286
0.0003274	0.821382
0.0003276	0.820477
0.0003278	0.819573
0.000328	0.818668
0.0003282	0.817763
0.0003284	0.816859
0.0003286	0.815954
0.0003288	0.81505
0.000329	0.814145
0.0003292	0.81324
0.0003294	0.812336
0.0003296	0.811431
0.0003298	0.810527
0.00033	0.809622
0.0003302	0.808594
0.0003304	0.807566
0.0003306	0.806538
0.0003308	0.80551
0.000331	0.804482
0.0003312	0.803454
0.0003314	0.802426
0.0003316	0.801398
0.0003318	0.80037
0.000332	0.799342
0.0003322	0.798602
0.0003324	0.797862
0.0003326	0.797122
0.0003328	0.796382
0.000333	0.795641
0.0003332	0.794901
0.0003334	0.794161
0.0003336	0.793421
0.0003338	0.792681
0.000334	0.791941
0.0003342	0.790954
0.0003344	0.789967
0.0003346	0.78898
0.0003348	0.787993
0.000335	0.787006
0.0003352	0.78602
0.0003354	0.785033
0.0003356	0.784046
0.0003358	0.783059
0.000336	0.782072
0.0003362	0.780674
0.0003364	0.779276
0.0003366	0.777878
0.0003368	0.77648
0.000337	0.775082
0.0003372	0.773684
0.0003374	0.772286
0.0003376	0.770888
0.0003378	0.76949
0.000338	0.768092
0.0003382	0.766735
0.0003384	0.765378
0.0003386	0.764021
0.0003388	0.762664
0.000339	0.761307
0.0003392	0.759951
0.0003394	0.758594
0.0003396	0.757237
0.0003398	0.75588
0.00034	0.754523
0.0003402	0.753536
0.0003404	0.752549
0.0003406	0.751563
0.0003408	0.750576
0.000341	0.749589
0.0003412	0.748602
0.0003414	0.747615
0.0003416	0.746629
0.0003418	0.745642
0.000342	0.744655
0.0003422	0.744079
0.0003424	0.743504
0.0003426	0.742928
0.0003428	0.742352
0.000343	0.741776
0.0003432	0.741201
0.0003434	0.740625
0.0003436	0.740049
0.0003438	0.739474
0.000344	0.738898
0.0003442	0.738117
0.0003444	0.737336
0.0003446	0.736554
0.0003448	0.735773
0.000345	0.734992
0.0003452	0.734211
0.0003454	0.73343
0.0003456	0.732648
0.0003458	0.731867
0.000346	0.731086
0.0003462	0.729935
0.0003464	0.728783
0.0003466	0.727632
0.0003468	0.72648
0.000347	0.725329
0.0003472	0.724178
0.0003474	0.723026
0.0003476	0.721875
0.0003478	0.720723
0.000348	0.719572
0.0003482	0.718215
0.0003484	0.716858
0.0003486	0.715501
0.0003488	0.714144
0.000349	0.712787
0.0003492	0.711431
0.0003494	0.710074
0.0003496	0.708717
0.0003498	0.70736
0.00035	0.706003
0.0003502	0.704728
0.0003504	0.703454
0.0003506	0.702179
0.0003508	0.700905
0.000351	0.69963
0.0003512	0.698355
0.0003514	0.697081
0.0003516	0.695806
0.0003518	0.694532
0.000352	0.693257
0.0003522	0.692517
0.0003524	0.691777
0.0003526	0.691036
0.0003528	0.690296
0.000353	0.689556
0.0003532	0.688816
0.0003534	0.688076
0.0003536	0.687335
0.0003538	0.686595
0.000354	0.685855
0.0003542	0.68532
0.0003544	0.684786
0.0003546	0.684251
0.0003548	0.683717
0.000355	0.683182
0.0003552	0.682648
0.0003554	0.682113
0.0003556	0.681579
0.0003558	0.681044
0.000356	0.68051
0.0003562	0.679564
0.0003564	0.678619
0.0003566	0.677673
0.0003568	0.676727
0.000357	0.675781
0.0003572	0.674836
0.0003574	0.67389
0.0003576	0.672944
0.0003578	0.671999
0.000358	0.671053
0.0003582	0.66986
0.0003584	0.668668
0.0003586	0.667475
0.0003588	0.666283
0.000359	0.66509
0.0003592	0.663898
0.0003594	0.662706
0.0003596	0.661513
0.0003598	0.660321
0.00036	0.659128
0.0003602	0.658141
0.0003604	0.657154
0.0003606	0.656168
0.0003608	0.655181
0.000361	0.654194
0.0003612	0.653207
0.0003614	0.65222
0.0003616	0.651234
0.0003618	0.650247
0.000362	0.64926
0.0003622	0.648191
0.0003624	0.647122
0.0003626	0.646053
0.0003628	0.644984
0.000363	0.643914
0.0003632	0.642845
0.0003634	0.641776
0.0003636	0.640707
0.0003638	0.639638
0.000364	0.638569
0.0003642	0.637582
0.0003644	0.636595
0.0003646	0.635609
0.0003648	0.634622
0.000365	0.633635
0.0003652	0.632648
0.0003654	0.631661
0.0003656	0.630675
0.0003658	0.629688
0.000366	0.628701
0.0003662	0.627755
0.0003664	0.626809
0.0003666	0.625864
0.0003668	0.624918
0.000367	0.623972
0.0003672	0.623026
0.0003674	0.62208
0.0003676	0.621135
0.0003678	0.620189
0.000368	0.619243
0.0003682	0.618009
0.0003684	0.616776
0.0003686	0.615542
0.0003688	0.614309
0.000369	0.613075
0.0003692	0.611842
0.0003694	0.610608
0.0003696	0.609375
0.0003698	0.608141
0.00037	0.606908
0.0003702	0.60551
0.0003704	0.604112
0.0003706	0.602714
0.0003708	0.601316
0.000371	0.599918
0.0003712	0.59852
0.0003714	0.597122
0.0003716	0.595724
0.0003718	0.594326
0.000372	0.592928
0.0003722	0.591283
0.0003724	0.589638
0.0003726	0.587994
0.0003728	0.586349
0.000373	0.584704
0.0003732	0.583059
0.0003734	0.581414
0.0003736	0.57977
0.0003738	0.578125
0.000374	0.57648
0.0003742	0.574589
0.0003744	0.572697
0.0003746	0.570806
0.0003748	0.568914
0.000375	0.567023
0.0003752	0.565132
0.0003754	0.56324
0.0003756	0.561349
0.0003758	0.559457
0.000376	0.557566
0.0003762	0.556127
0.0003764	0.554688
0.0003766	0.553248
0.0003768	0.551809
0.000377	0.55037
0.0003772	0.548931
0.0003774	0.547492
0.0003776	0.546052
0.0003778	0.544613
0.000378	0.543174
0.0003782	0.541817
0.0003784	0.54046
0.0003786	0.539103
0.0003788	0.537746
0.000379	0.536389
0.0003792	0.535033
0.0003794	0.533676
0.0003796	0.532319
0.0003798	0.530962
0.00038	0.529605
0.0003802	0.528413
0.0003804	0.52722
0.0003806	0.526028
0.0003808	0.524835
0.000381	0.523643
0.0003812	0.522451
0.0003814	0.521258
0.0003816	0.520066
0.0003818	0.518873
0.000382	0.517681
0.0003822	0.516776
0.0003824	0.515872
0.0003826	0.514967
0.0003828	0.514063
0.000383	0.513158
0.0003832	0.512253
0.0003834	0.511349
0.0003836	0.510444
0.0003838	0.50954
0.000384	0.508635
0.0003842	0.507854
0.0003844	0.507072
0.0003846	0.506291
0.0003848	0.50551
0.000385	0.504728
0.0003852	0.503947
0.0003854	0.503166
0.0003856	0.502385
0.0003858	0.501603
0.000386	0.500822
0.0003862	0.499547
0.0003864	0.498273
0.0003866	0.496998
0.0003868	0.495724
0.000387	0.494449
0.0003872	0.493174
0.0003874	0.4919
0.0003876	0.490625
0.0003878	0.489351
0.000388	0.488076
0.0003882	0.487048
0.0003884	0.48602
0.0003886	0.484992
0.0003888	0.483964
0.000389	0.482936
0.0003892	0.481908
0.0003894	0.48088
0.0003896	0.479852
0.0003898	0.478824
0.00039	0.477796
0.0003902	0.476974
0.0003904	0.476151
0.0003906	0.475329
0.0003908	0.474506
0.000391	0.473684
0.0003912	0.472862
0.0003914	0.472039
0.0003916	0.471217
0.0003918	0.470394
0.000392	0.469572
0.0003922	0.469449
0.0003924	0.469325
0.0003926	0.469202
0.0003928	0.469079
0.000393	0.468955
0.0003932	0.468832
0.0003934	0.468709
0.0003936	0.468586
0.0003938	0.468462
0.000394	0.468339
0.0003942	0.467722
0.0003944	0.467105
0.0003946	0.466489
0.0003948	0.465872
0.000395	0.465255
0.0003952	0.464638
0.0003954	0.464021
0.0003956	0.463405
0.0003958	0.462788
0.000396	0.462171
0.0003962	0.460814
0.0003964	0.459457
0.0003966	0.4581
0.0003968	0.456743
0.000397	0.455386
0.0003972	0.45403
0.0003974	0.452673
0.0003976	0.451316
0.0003978	0.449959
0.000398	0.448602
0.0003982	0.44741
0.0003984	0.446217
0.0003986	0.445025
0.0003988	0.443832
0.000399	0.44264
0.0003992	0.441448
0.0003994	0.440255
0.0003996	0.439063
0.0003998	0.43787
0.0004	0.436678
0.0004002	0.43491
0.0004004	0.433142
0.0004006	0.431374
0.0004008	0.429606
0.000401	0.427837
0.0004012	0.426069
0.0004014	0.424301
0.0004016	0.422533
0.0004018	0.420765
0.000402	0.418997
0.0004022	0.417804
0.0004024	0.416612
0.0004026	0.415419
0.0004028	0.414227
0.000403	0.413034
0.0004032	0.411842
0.0004034	0.410649
0.0004036	0.409457
0.0004038	0.408264
0.000404	0.407072
0.0004042	0.406332
0.0004044	0.405592
0.0004046	0.404852
0.0004048	0.404112
0.000405	0.403371
0.0004052	0.402631
0.0004054	0.401891
0.0004056	0.401151
0.0004058	0.400411
0.000406	0.399671
0.0004062	0.398684
0.0004064	0.397697
0.0004066	0.396711
0.0004068	0.395724
0.000407	0.394737
0.0004072	0.39375
0.0004074	0.392763
0.0004076	0.391777
0.0004078	0.39079
0.000408	0.389803
0.0004082	0.388569
0.0004084	0.387336
0.0004086	0.386102
0.0004088	0.384869
0.000409	0.383635
0.0004092	0.382401
0.0004094	0.381168
0.0004096	0.379934
0.0004098	0.378701
0.00041	0.377467
0.0004102	0.376233
0.0004104	0.375
0.0004106	0.373766
0.0004108	0.372533
0.000411	0.371299
0.0004112	0.370066
0.0004114	0.368832
0.0004116	0.367599
0.0004118	0.366365
0.000412	0.365132
0.0004122	0.363528
0.0004124	0.361925
0.0004126	0.360321
0.0004128	0.358717
0.000413	0.357113
0.0004132	0.35551
0.0004134	0.353906
0.0004136	0.352302
0.0004138	0.350699
0.000414	0.349095
0.0004142	0.348273
0.0004144	0.34745
0.0004146	0.346628
0.0004148	0.345806
0.000415	0.344983
0.0004152	0.344161
0.0004154	0.343339
0.0004156	0.342517
0.0004158	0.341694
0.000416	0.340872
0.0004162	0.339803
0.0004164	0.338734
0.0004166	0.337665
0.0004168	0.336596
0.000417	0.335526
0.0004172	0.334457
0.0004174	0.333388
0.0004176	0.332319
0.0004178	0.33125
0.000418	0.330181
0.0004182	0.329441
0.0004184	0.328701
0.0004186	0.327961
0.0004188	0.327221
0.000419	0.32648
0.0004192	0.32574
0.0004194	0.325
0.0004196	0.32426
0.0004198	0.32352
0.00042	0.32278
0.0004202	0.32204
0.0004204	0.3213
0.0004206	0.320559
0.0004208	0.319819
0.000421	0.319079
0.0004212	0.318339
0.0004214	0.317599
0.0004216	0.316858
0.0004218	0.316118
0.000422	0.315378
0.0004222	0.314638
0.0004224	0.313898
0.0004226	0.313158
0.0004228	0.312418
0.000423	0.311677
0.0004232	0.310937
0.0004234	0.310197
0.0004236	0.309457
0.0004238	0.308717
0.000424	0.307977
0.0004242	0.306867
0.0004244	0.305757
0.0004246	0.304646
0.0004248	0.303536
0.000425	0.302426
0.0004252	0.301316
0.0004254	0.300206
0.0004256	0.299095
0.0004258	0.297985
0.000426	0.296875
0.0004262	0.296217
0.0004264	0.295559
0.0004266	0.294901
0.0004268	0.294243
0.000427	0.293585
0.0004272	0.292928
0.0004274	0.29227
0.0004276	0.291612
0.0004278	0.290954
0.000428	0.290296
0.0004282	0.289104
0.0004284	0.287911
0.0004286	0.286719
0.0004288	0.285526
0.000429	0.284334
0.0004292	0.283142
0.0004294	0.281949
0.0004296	0.280757
0.0004298	0.279564
0.00043	0.278372
0.0004302	0.277879
0.0004304	0.277385
0.0004306	0.276892
0.0004308	0.276398
0.000431	0.275905
0.0004312	0.275412
0.0004314	0.274918
0.0004316	0.274425
0.0004318	0.273931
0.000432	0.273438
0.0004322	0.272451
0.0004324	0.271464
0.0004326	0.270477
0.0004328	0.26949
0.000433	0.268503
0.0004332	0.267517
0.0004334	0.26653
0.0004336	0.265543
0.0004338	0.264556
0.000434	0.263569
0.0004342	0.262705
0.0004344	0.261842
0.0004346	0.260978
0.0004348	0.260115
0.000435	0.259251
0.0004352	0.258388
0.0004354	0.257524
0.0004356	0.256661
0.0004358	0.255798
0.000436	0.254934
0.0004362	0.2544
0.0004364	0.253865
0.0004366	0.25333
0.0004368	0.252796
0.000437	0.252261
0.0004372	0.251727
0.0004374	0.251192
0.0004376	0.250658
0.0004378	0.250123
0.000438	0.249589
0.0004382	0.248643
0.0004384	0.247698
0.0004386	0.246752
0.0004388	0.245806
0.000439	0.24486
0.0004392	0.243915
0.0004394	0.242969
0.0004396	0.242023
0.0004398	0.241078
0.00044	0.240132
0.0004402	0.238857
0.0004404	0.237583
0.0004406	0.236308
0.0004408	0.235033
0.000441	0.233758
0.0004412	0.232484
0.0004414	0.231209
0.0004416	0.229934
0.0004418	0.22866
0.000442	0.227385
0.0004422	0.226686
0.0004424	0.225987
0.0004426	0.225288
0.0004428	0.224589
0.000443	0.22389
0.0004432	0.223191
0.0004434	0.222492
0.0004436	0.221793
0.0004438	0.221094
0.000444	0.220395
0.0004442	0.219614
0.0004444	0.218832
0.0004446	0.218051
0.0004448	0.21727
0.000445	0.216488
0.0004452	0.215707
0.0004454	0.214926
0.0004456	0.214145
0.0004458	0.213363
0.000446	0.212582
0.0004462	0.211677
0.0004464	0.210773
0.0004466	0.209868
0.0004468	0.208964
0.000447	0.208059
0.0004472	0.207154
0.0004474	0.20625
0.0004476	0.205345
0.0004478	0.204441
0.000448	0.203536
0.0004482	0.202796
0.0004484	0.202056
0.0004486	0.201316
0.0004488	0.200576
0.000449	0.199835
0.0004492	0.199095
0.0004494	0.198355
0.0004496	0.197615
0.0004498	0.196875
0.00045	0.196135
0.0004502	0.195271
0.0004504	0.194408
0.0004506	0.193544
0.0004508	0.192681
0.000451	0.191817
0.0004512	0.190954
0.0004514	0.19009
0.0004516	0.189227
0.0004518	0.188363
0.000452	0.1875
0.0004522	0.186965
0.0004524	0.186431
0.0004526	0.185896
0.0004528	0.185362
0.000453	0.184827
0.0004532	0.184293
0.0004534	0.183758
0.0004536	0.183224
0.0004538	0.182689
0.000454	0.182155
0.0004542	0.181415
0.0004544	0.180675
0.0004546	0.179934
0.0004548	0.179194
0.000455	0.178454
0.0004552	0.177714
0.0004554	0.176974
0.0004556	0.176233
0.0004558	0.175493
0.000456	0.174753
0.0004562	0.173807
0.0004564	0.172862
0.0004566	0.171916
0.0004568	0.17097
0.000457	0.170024
0.0004572	0.169079
0.0004574	0.168133
0.0004576	0.167187
0.0004578	0.166242
0.000458	0.165296
0.0004582	0.165255
0.0004584	0.165214
0.0004586	0.165173
0.0004588	0.165132
0.000459	0.165091
0.0004592	0.165049
0.0004594	0.165008
0.0004596	0.164967
0.0004598	0.164926
0.00046	0.164885
0.0004602	0.163898
0.0004604	0.162911
0.0004606	0.161924
0.0004608	0.160937
0.000461	0.15995
0.0004612	0.158964
0.0004614	0.157977
0.0004616	0.15699
0.0004618	0.156003
0.000462	0.155016
0.0004622	0.154687
0.0004624	0.154358
0.0004626	0.154029
0.0004628	0.1537
0.000463	0.153371
0.0004632	0.153043
0.0004634	0.152714
0.0004636	0.152385
0.0004638	0.152056
0.000464	0.151727
0.0004642	0.15148
0.0004644	0.151234
0.0004646	0.150987
0.0004648	0.15074
0.000465	0.150493
0.0004652	0.150247
0.0004654	0.15
0.0004656	0.149753
0.0004658	0.149507
0.000466	0.14926
0.0004662	0.148396
0.0004664	0.147533
0.0004666	0.146669
0.0004668	0.145806
0.000467	0.144942
0.0004672	0.144079
0.0004674	0.143215
0.0004676	0.142352
0.0004678	0.141488
0.000468	0.140625
0.0004682	0.140214
0.0004684	0.139803
0.0004686	0.139391
0.0004688	0.13898
0.000469	0.138569
0.0004692	0.138158
0.0004694	0.137747
0.0004696	0.137335
0.0004698	0.136924
0.00047	0.136513
0.0004702	0.135485
0.0004704	0.134457
0.0004706	0.133429
0.0004708	0.132401
0.000471	0.131373
0.0004712	0.130346
0.0004714	0.129318
0.0004716	0.12829
0.0004718	0.127262
0.000472	0.126234
0.0004722	0.125535
0.0004724	0.124836
0.0004726	0.124137
0.0004728	0.123438
0.000473	0.122738
0.0004732	0.122039
0.0004734	0.12134
0.0004736	0.120641
0.0004738	0.119942
0.000474	0.119243
0.0004742	0.119037
0.0004744	0.118832
0.0004746	0.118626
0.0004748	0.118421
0.000475	0.118215
0.0004752	0.11801
0.0004754	0.117804
0.0004756	0.117599
0.0004758	0.117393
0.000476	0.117188
0.0004762	0.116448
0.0004764	0.115708
0.0004766	0.114967
0.0004768	0.114227
0.000477	0.113487
0.0004772	0.112747
0.0004774	0.112007
0.0004776	0.111266
0.0004778	0.110526
0.000478	0.109786
0.0004782	0.109786
0.0004784	0.109786
0.0004786	0.109786
0.0004788	0.109786
0.000479	0.109786
0.0004792	0.109786
0.0004794	0.109786
0.0004796	0.109786
0.0004798	0.109786
0.00048	0.109786
0.0004802	0.108758
0.0004804	0.10773
0.0004806	0.106702
0.0004808	0.105674
0.000481	0.104646
0.0004812	0.103619
0.0004814	0.102591
0.0004816	0.101563
0.0004818	0.100535
0.000482	0.099507
0.0004822	0.0983968
0.0004824	0.0972866
0.0004826	0.0961764
0.0004828	0.0950662
0.000483	0.093956
0.0004832	0.0928458
0.0004834	0.0917356
0.0004836	0.0906254
0.0004838	0.0895152
0.000484	0.088405
0.0004842	0.0878704
0.0004844	0.0873358
0.0004846	0.0868012
0.0004848	0.0862666
0.000485	0.085732
0.0004852	0.0851974
0.0004854	0.0846628
0.0004856	0.0841282
0.0004858	0.0835936
0.000486	0.083059
0.0004862	0.082689
0.0004864	0.082319
0.0004866	0.081949
0.0004868	0.081579
0.000487	0.081209
0.0004872	0.080839
0.0004874	0.080469
0.0004876	0.080099
0.0004878	0.079729
0.000488	0.079359
0.0004882	0.0789889
0.0004884	0.0786188
0.0004886	0.0782487
0.0004888	0.0778786
0.000489	0.0775085
0.0004892	0.0771384
0.0004894	0.0767683
0.0004896	0.0763982
0.0004898	0.0760281
0.00049	0.075658
0.0004902	0.0752468
0.0004904	0.0748356
0.0004906	0.0744244
0.0004908	0.0740132
0.000491	0.073602
0.0004912	0.0731908
0.0004914	0.0727796
0.0004916	0.0723684
0.0004918	0.0719572
0.000492	0.071546
0.0004922	0.070847
0.0004924	0.070148
0.0004926	0.069449
0.0004928	0.06875
0.000493	0.068051
0.0004932	0.067352
0.0004934	0.066653
0.0004936	0.065954
0.0004938	0.065255
0.000494	0.064556
0.0004942	0.0639392
0.0004944	0.0633224
0.0004946	0.0627056
0.0004948	0.0620888
0.000495	0.061472
0.0004952	0.0608552
0.0004954	0.0602384
0.0004956	0.0596216
0.0004958	0.0590048
0.000496	0.058388
0.0004962	0.0576479
0.0004964	0.0569078
0.0004966	0.0561677
0.0004968	0.0554276
0.000497	0.0546875
0.0004972	0.0539474
0.0004974	0.0532073
0.0004976	0.0524672
0.0004978	0.0517271
0.000498	0.050987
0.0004982	0.0506992
0.0004984	0.0504114
0.0004986	0.0501236
0.0004988	0.0498358
0.000499	0.049548
0.0004992	0.0492602
0.0004994	0.0489724
0.0004996	0.0486846
0.0004998	0.0483968
0.0005	0.048109
0.0005002	0.048109
0.0005004	0.048109
0.0005006	0.048109
0.0005008	0.048109
0.000501	0.048109
0.0005012	0.048109
0.0005014	0.048109
0.0005016	0.048109
0.0005018	0.048109
0.000502	0.048109
0.0005022	0.0478211
0.0005024	0.0475332
0.0005026	0.0472453
0.0005028	0.0469574
0.000503	0.0466695
0.0005032	0.0463816
0.0005034	0.0460937
0.0005036	0.0458058
0.0005038	0.0455179
0.000504	0.04523
0.0005042	0.0446955
0.0005044	0.044161
0.0005046	0.0436265
0.0005048	0.043092
0.000505	0.0425575
0.0005052	0.042023
0.0005054	0.0414885
0.0005056	0.040954
0.0005058	0.0404195
0.000506	0.039885
0.0005062	0.039556
0.0005064	0.039227
0.0005066	0.038898
0.0005068	0.038569
0.000507	0.03824
0.0005072	0.037911
0.0005074	0.037582
0.0005076	0.037253
0.0005078	0.036924
0.000508	0.036595
0.0005082	0.0364306
0.0005084	0.0362662
0.0005086	0.0361018
0.0005088	0.0359374
0.000509	0.035773
0.0005092	0.0356086
0.0005094	0.0354442
0.0005096	0.0352798
0.0005098	0.0351154
0.00051	0.034951
0.0005102	0.0347043
0.0005104	0.0344576
0.0005106	0.0342109
0.0005108	0.0339642
0.000511	0.0337175
0.0005112	0.0334708
0.0005114	0.0332241
0.0005116	0.0329774
0.0005118	0.0327307
0.000512	0.032484
0.0005122	0.0322784
0.0005124	0.0320728
0.0005126	0.0318672
0.0005128	0.0316616
0.000513	0.031456
0.0005132	0.0312504
0.0005134	0.0310448
0.0005136	0.0308392
0.0005138	0.0306336
0.000514	0.030428
0.0005142	0.0302224
0.0005144	0.0300168
0.0005146	0.0298112
0.0005148	0.0296056
0.000515	0.0294
0.0005152	0.0291944
0.0005154	0.0289888
0.0005156	0.0287832
0.0005158	0.0285776
0.000516	0.028372
0.0005162	0.0281253
0.0005164	0.0278786
0.0005166	0.0276319
0.0005168	0.0273852
0.000517	0.0271385
0.0005172	0.0268918
0.0005174	0.0266451
0.0005176	0.0263984
0.0005178	0.0261517
0.000518	0.025905
0.0005182	0.0255349
0.0005184	0.0251648
0.0005186	0.0247947
0.0005188	0.0244246
0.000519	0.0240545
0.0005192	0.0236844
0.0005194	0.0233143
0.0005196	0.0229442
0.0005198	0.0225741
0.00052	0.022204
0.0005202	0.021875
0.0005204	0.021546
0.0005206	0.021217
0.0005208	0.020888
0.000521	0.020559
0.0005212	0.02023
0.0005214	0.019901
0.0005216	0.019572
0.0005218	0.019243
0.000522	0.018914
0.0005222	0.0186673
0.0005224	0.0184206
0.0005226	0.0181739
0.0005228	0.0179272
0.000523	0.0176805
0.0005232	0.0174338
0.0005234	0.0171871
0.0005236	0.0169404
0.0005238	0.0166937
0.000524	0.016447
0.0005242	0.0162003
0.0005244	0.0159536
0.0005246	0.0157069
0.0005248	0.0154602
0.000525	0.0152135
0.0005252	0.0149668
0.0005254	0.0147201
0.0005256	0.0144734
0.0005258	0.0142267
0.000526	0.01398
0.0005262	0.0136922
0.0005264	0.0134044
0.0005266	0.0131166
0.0005268	0.0128288
0.000527	0.012541
0.0005272	0.0122532
0.0005274	0.0119654
0.0005276	0.0116776
0.0005278	0.0113898
0.000528	0.011102
0.0005282	0.0108553
0.0005284	0.0106086
0.0005286	0.0103619
0.0005288	0.0101152
0.000529	0.0098685
0.0005292	0.0096218
0.0005294	0.0093751
0.0005296	0.0091284
0.0005298	0.0088817
0.00053	0.008635
0.0005302	0.0084294
0.0005304	0.0082238
0.0005306	0.0080182
0.0005308	0.0078126
0.000531	0.007607
0.0005312	0.0074014
0.0005314	0.0071958
0.0005316	0.0069902
0.0005318	0.0067846
0.000532	0.006579
0.0005322	0.0064145
0.0005324	0.00625
0.0005326	0.0060855
0.0005328	0.005921
0.000533	0.0057565
0.0005332	0.005592
0.0005334	0.0054275
0.0005336	0.005263
0.0005338	0.0050985
0.000534	0.004934
0.0005342	0.0048107
0.0005344	0.0046874
0.0005346	0.0045641
0.0005348	0.0044408
0.000535	0.0043175
0.0005352	0.0041942
0.0005354	0.0040709
0.0005356	0.0039476
0.0005358	0.0038243
0.000536	0.003701
0.0005362	0.003701
0.0005364	0.003701
0.0005366	0.003701
0.0005368	0.003701
0.000537	0.003701
0.0005372	0.003701
0.0005374	0.003701
0.0005376	0.003701
0.0005378	0.003701
0.000538	0.003701
0.0005382	0.0036598
0.0005384	0.0036186
0.0005386	0.0035774
0.0005388	0.0035362
0.000539	0.003495
0.0005392	0.0034538
0.0005394	0.0034126
0.0005396	0.0033714
0.0005398	0.0033302
0.00054	0.003289
0.0005402	0.003289
0.0005404	0.003289
0.0005406	0.003289
0.0005408	0.003289
0.000541	0.003289
0.0005412	0.003289
0.0005414	0.003289
0.0005416	0.003289
0.0005418	0.003289
0.000542	0.003289
0.0005422	0.003289
0.0005424	0.003289
0.0005426	0.003289
0.0005428	0.003289
0.000543	0.003289
0.0005432	0.003289
0.0005434	0.003289
0.0005436	0.003289
0.0005438	0.003289
0.000544	0.003289
0.0005442	0.003289
0.0005444	0.003289
0.0005446	0.003289
0.0005448	0.003289
0.000545	0.003289
0.0005452	0.003289
0.0005454	0.003289
0.0005456	0.003289
0.0005458	0.003289
0.000546	0.003289
0.0005462	0.003289
0.0005464	0.003289
0.0005466	0.003289
0.0005468	0.003289
0.000547	0.003289
0.0005472	0.003289
0.0005474	0.003289
0.0005476	0.003289
0.0005478	0.003289
0.000548	0.003289
0.0005482	0.0032479
0.0005484	0.0032068
0.0005486	0.0031657
0.0005488	0.0031246
0.000549	0.0030835
0.0005492	0.0030424
0.0005494	0.0030013
0.0005496	0.0029602
0.0005498	0.0029191
0.00055	0.002878
0.0005502	0.002878
0.0005504	0.002878
0.0005506	0.002878
0.0005508	0.002878
0.000551	0.002878
0.0005512	0.002878
0.0005514	0.002878
0.0005516	0.002878
0.0005518	0.002878
0.000552	0.002878
0.0005522	0.0028369
0.0005524	0.0027958
0.0005526	0.0027547
0.0005528	0.0027136
0.000553	0.0026725
0.0005532	0.0026314
0.0005534	0.0025903
0.0005536	0.0025492
0.0005538	0.0025081
0.000554	0.002467
0.0005542	0.002467
0.0005544	0.002467
0.0005546	0.002467
0.0005548	0.002467
0.000555	0.002467
0.0005552	0.002467
0.0005554	0.002467
0.0005556	0.002467
0.0005558	0.002467
0.000556	0.002467
0.0005562	0.0024259
0.0005564	0.0023848
0.0005566	0.0023437
0.0005568	0.0023026
0.000557	0.0022615
0.0005572	0.0022204
0.0005574	0.0021793
0.0005576	0.0021382
0.0005578	0.0020971
0.000558	0.002056
0.0005582	0.0020149
0.0005584	0.0019738
0.0005586	0.0019327
0.0005588	0.0018916
0.000559	0.0018505
0.0005592	0.0018094
0.0005594	0.0017683
0.0005596	0.0017272
0.0005598	0.0016861
0.00056	0.001645
0.0005602	0.001645
0.0005604	0.001645
0.0005606	0.001645
0.0005608	0.001645
0.000561	0.001645
0.0005612	0.001645
0.0005614	0.001645
0.0005616	0.001645
0.0005618	0.001645
0.000562	0.001645
0.0005622	0.0016039
0.0005624	0.0015628
0.0005626	0.0015217
0.0005628	0.0014806
0.000563	0.0014395
0.0005632	0.0013984
0.0005634	0.0013573
0.0005636	0.0013162
0.0005638	0.0012751
0.000564	0.001234
0.0005642	0.001234
0.0005644	0.001234
0.0005646	0.001234
0.0005648	0.001234
0.000565	0.001234
0.0005652	0.001234
0.0005654	0.001234
0.0005656	0.001234
0.0005658	0.001234
0.000566	0.001234
0.0005662	0.001234
0.0005664	0.001234
0.0005666	0.001234
0.0005668	0.001234
0.000567	0.001234
0.0005672	0.001234
0.0005674	0.001234
0.0005676	0.001234
0.0005678	0.001234
0.000568	0.001234
0.0005682	0.001234
0.0005684	0.001234
0.0005686	0.001234
0.0005688	0.001234
0.000569	0.001234
0.0005692	0.001234
0.0005694	0.001234
0.0005696	0.001234
0.0005698	0.001234
0.00057	0.001234
0.0005702	0.001234
0.0005704	0.001234
0.0005706	0.001234
0.0005708	0.001234
0.000571	0.001234
0.0005712	0.001234
0.0005714	0.001234
0.0005716	0.001234
0.0005718	0.001234
0.000572	0.001234
0.0005722	0.0012751
0.0005724	0.0013162
0.0005726	0.0013573
0.0005728	0.0013984
0.000573	0.0014395
0.0005732	0.0014806
0.0005734	0.0015217
0.0005736	0.0015628
0.0005738	0.0016039
0.000574	0.001645
0.0005742	0.0016861
0.0005744	0.0017272
0.0005746	0.0017683
0.0005748	0.0018094
0.000575	0.0018505
0.0005752	0.0018916
0.0005754	0.0019327
0.0005756	0.0019738
0.0005758	0.0020149
0.000576	0.002056
0.0005762	0.002056
0.0005764	0.002056
0.0005766	0.002056
0.0005768	0.002056
0.000577	0.002056
0.0005772	0.002056
0.0005774	0.002056
0.0005776	0.002056
0.0005778	0.002056
0.000578	0.002056
0.0005782	0.002056
0.0005784	0.002056
0.0005786	0.002056
0.0005788	0.002056
0.000579	0.002056
0.0005792	0.002056
0.0005794	0.002056
0.0005796	0.002056
0.0005798	0.002056
0.00058	0.002056
0.0005802	0.002056
0.0005804	0.002056
0.0005806	0.002056
0.0005808	0.002056
0.000581	0.002056
0.0005812	0.002056
0.0005814	0.002056
0.0005816	0.002056
0.0005818	0.002056
0.000582	0.002056
0.0005822	0.002056
0.0005824	0.002056
0.0005826	0.002056
0.0005828	0.002056
0.000583	0.002056
0.0005832	0.002056
0.0005834	0.002056
0.0005836	0.002056
0.0005838	0.002056
0.000584	0.002056
0.0005842	0.002056
0.0005844	0.002056
0.0005846	0.002056
0.0005848	0.002056
0.000585	0.002056
0.0005852	0.002056
0.0005854	0.002056
0.0005856	0.002056
0.0005858	0.002056
0.000586	0.002056
0.0005862	0.002056
0.0005864	0.002056
0.0005866	0.002056
0.0005868	0.002056
0.000587	0.002056
0.0005872	0.002056
0.0005874	0.002056
0.0005876	0.002056
0.0005878	0.002056
0.000588	0.002056
0.0005882	0.002056
0.0005884	0.002056
0.0005886	0.002056
0.0005888	0.002056
0.000589	0.002056
0.0005892	0.002056
0.0005894	0.002056
0.0005896	0.002056
0.0005898	0.002056
0.00059	0.002056
0.0005902	0.0020971
0.0005904	0.0021382
0.0005906	0.0021793
0.0005908	0.0022204
0.000591	0.0022615
0.0005912	0.0023026
0.0005914	0.0023437
0.0005916	0.0023848
0.0005918	0.0024259
0.000592	0.002467
0.0005922	0.002467
0.0005924	0.002467
0.0005926	0.002467
0.0005928	0.002467
0.000593	0.002467
0.0005932	0.002467
0.0005934	0.002467
0.0005936	0.002467
0.0005938	0.002467
0.000594	0.002467
0.0005942	0.002467
0.0005944	0.002467
0.0005946	0.002467
0.0005948	0.002467
0.000595	0.002467
0.0005952	0.002467
0.0005954	0.002467
0.0005956	0.002467
0.0005958	0.002467
0.000596	0.002467
0.0005962	0.002467
0.0005964	0.002467
0.0005966	0.002467
0.0005968	0.002467
0.000597	0.002467
0.0005972	0.002467
0.0005974	0.002467
0.0005976	0.002467
0.0005978	0.002467
0.000598	0.002467
0.0005982	0.0024259
0.0005984	0.0023848
0.0005986	0.0023437
0.0005988	0.0023026
0.000599	0.0022615
0.0005992	0.0022204
0.0005994	0.0021793
0.0005996	0.0021382
0.0005998	0.0020971
0.0006	0.002056
0.0006002	0.002056
0.0006004	0.002056
0.0006006	0.002056
0.0006008	0.002056
0.000601	0.002056
0.0006012	0.002056
0.0006014	0.002056
0.0006016	0.002056
0.0006018	0.002056
0.000602	0.002056
0.0006022	0.002056
0.0006024	0.002056
0.0006026	0.002056
0.0006028	0.002056
0.000603	0.002056
0.0006032	0.002056
0.0006034	0.002056
0.0006036	0.002056
0.0006038	0.002056
0.000604	0.002056
0.0006042	0.0020149
0.0006044	0.0019738
0.0006046	0.0019327
0.0006048	0.0018916
0.000605	0.0018505
0.0006052	0.0018094
0.0006054	0.0017683
0.0006056	0.0017272
0.0006058	0.0016861
0.000606	0.001645
0.0006062	0.0016039
0.0006064	0.0015628
0.0006066	0.0015217
0.0006068	0.0014806
0.000607	0.0014395
0.0006072	0.0013984
0.0006074	0.0013573
0.0006076	0.0013162
0.0006078	0.0012751
0.000608	0.001234
0.0006082	0.001234
0.0006084	0.001234
0.0006086	0.001234
0.0006088	0.001234
0.000609	0.001234
0.0006092	0.001234
0.0006094	0.001234
0.0006096	0.001234
0.0006098	0.001234
0.00061	0.001234
0.0006102	0.001234
0.0006104	0.001234
0.0006106	0.001234
0.0006108	0.001234
0.000611	0.001234
0.0006112	0.001234
0.0006114	0.001234
0.0006116	0.001234
0.0006118	0.001234
0.000612	0.001234
0.0006122	0.0011928
0.0006124	0.0011516
0.0006126	0.0011104
0.0006128	0.0010692
0.000613	0.001028
0.0006132	0.0009868
0.0006134	0.0009456
0.0006136	0.0009044
0.0006138	0.0008632
0.000614	0.000822
0.0006142	0.000822
0.0006144	0.000822
0.0006146	0.000822
0.0006148	0.000822
0.000615	0.000822
0.0006152	0.000822
0.0006154	0.000822
0.0006156	0.000822
0.0006158	0.000822
0.000616	0.000822
0.0006162	0.000822
0.0006164	0.000822
0.0006166	0.000822
0.0006168	0.000822
0.000617	0.000822
0.0006172	0.000822
0.0006174	0.000822
0.0006176	0.000822
0.0006178	0.000822
0.000618	0.000822
0.0006182	0.000822
0.0006184	0.000822
0.0006186	0.000822
0.0006188	0.000822
0.000619	0.000822
0.0006192	0.000822
0.0006194	0.000822
0.0006196	0.000822
0.0006198	0.000822
0.00062	0.000822
0.0006202	0.0008632
0.0006204	0.0009044
0.0006206	0.0009456
0.0006208	0.0009868
0.000621	0.001028
0.0006212	0.0010692
0.0006214	0.0011104
0.0006216	0.0011516
0.0006218	0.0011928
0.000622	0.001234
0.0006222	0.001234
0.0006224	0.001234
0.0006226	0.001234
0.0006228	0.001234
0.000623	0.001234
0.0006232	0.001234
0.0006234	0.001234
0.0006236	0.001234
0.0006238	0.001234
0.000624	0.001234
0.0006242	0.0012751
0.0006244	0.0013162
0.0006246	0.0013573
0.0006248	0.0013984
0.000625	0.0014395
0.0006252	0.0014806
0.0006254	0.0015217
0.0006256	0.0015628
0.0006258	0.0016039
0.000626	0.001645
0.0006262	0.001645
0.0006264	0.001645
0.0006266	0.001645
0.0006268	0.001645
0.000627	0.001645
0.0006272	0.001645
0.0006274	0.001645
0.0006276	0.001645
0.0006278	0.001645
0.000628	0.001645
0.0006282	0.001645
0.0006284	0.001645
0.0006286	0.001645
0.0006288	0.001645
0.000629	0.001645
0.0006292	0.001645
0.0006294	0.001645
0.0006296	0.001645
0.0006298	0.001645
0.00063	0.001645
0.0006302	0.001645
0.0006304	0.001645
0.0006306	0.001645
0.0006308	0.001645
0.000631	0.001645
0.0006312	0.001645
0.0006314	0.001645
0.0006316	0.001645
0.0006318	0.001645
0.000632	0.001645
0.0006322	0.001645
0.0006324	0.001645
0.0006326	0.001645
0.0006328	0.001645
0.000633	0.001645
0.0006332	0.001645
0.0006334	0.001645
0.0006336	0.001645
0.0006338	0.001645
0.000634	0.001645
0.0006342	0.0016861
0.0006344	0.0017272
0.0006346	0.0017683
0.0006348	0.0018094
0.000635	0.0018505
0.0006352	0.0018916
0.0006354	0.0019327
0.0006356	0.0019738
0.0006358	0.0020149
0.000636	0.002056
0.0006362	0.002056
0.0006364	0.002056
0.0006366	0.002056
0.0006368	0.002056
0.000637	0.002056
0.0006372	0.002056
0.0006374	0.002056
0.0006376	0.002056
0.0006378	0.002056
0.000638	0.002056
0.0006382	0.002056
0.0006384	0.002056
0.0006386	0.002056
0.0006388	0.002056
0.000639	0.002056
0.0006392	0.002056
0.0006394	0.002056
0.0006396	0.002056
0.0006398	0.002056
0.00064	0.002056
0.0006402	0.002056
0.0006404	0.002056
0.0006406	0.002056
0.0006408	0.002056
0.000641	0.002056
0.0006412	0.002056
0.0006414	0.002056
0.0006416	0.002056
0.0006418	0.002056
0.000642	0.002056
0.0006422	0.002056
0.0006424	0.002056
0.0006426	0.002056
0.0006428	0.002056
0.000643	0.002056
0.0006432	0.002056
0.0006434	0.002056
0.0006436	0.002056
0.0006438	0.002056
0.000644	0.002056
0.0006442	0.002056
0.0006444	0.002056
0.0006446	0.002056
0.0006448	0.002056
0.000645	0.002056
0.0006452	0.002056
0.0006454	0.002056
0.0006456	0.002056
0.0006458	0.002056
0.000646	0.002056
0.0006462	0.002056
0.0006464	0.002056
0.0006466	0.002056
0.0006468	0.002056
0.000647	0.002056
0.0006472	0.002056
0.0006474	0.002056
0.0006476	0.002056
0.0006478	0.002056
0.000648	0.002056
0.0006482	0.002056
0.0006484	0.002056
0.0006486	0.002056
0.0006488	0.002056
0.000649	0.002056
0.0006492	0.002056
0.0006494	0.002056
0.0006496	0.002056
0.0006498	0.002056
0.00065	0.002056
0.0006502	0.0020149
0.0006504	0.0019738
0.0006506	0.0019327
0.0006508	0.0018916
0.000651	0.0018505
0.0006512	0.0018094
0.0006514	0.0017683
0.0006516	0.0017272
0.0006518	0.0016861
0.000652	0.001645
0.0006522	0.001645
0.0006524	0.001645
0.0006526	0.001645
0.0006528	0.001645
0.000653	0.001645
0.0006532	0.001645
0.0006534	0.001645
0.0006536	0.001645
0.0006538	0.001645
0.000654	0.001645
0.0006542	0.0016039
0.0006544	0.0015628
0.0006546	0.0015217
0.0006548	0.0014806
0.000655	0.0014395
0.0006552	0.0013984
0.0006554	0.0013573
0.0006556	0.0013162
0.0006558	0.0012751
0.000656	0.001234
0.0006562	0.001234
0.0006564	0.001234
0.0006566	0.001234
0.0006568	0.001234
0.000657	0.001234
0.0006572	0.001234
0.0006574	0.001234
0.0006576	0.001234
0.0006578	0.001234
0.000658	0.001234
0.0006582	0.0011928
0.0006584	0.0011516
0.0006586	0.0011104
0.0006588	0.0010692
0.000659	0.001028
0.0006592	0.0009868
0.0006594	0.0009456
0.0006596	0.0009044
0.0006598	0.0008632
0.00066	0.000822
0.0006602	0.000822
0.0006604	0.000822
0.0006606	0.000822
0.0006608	0.000822
0.000661	0.000822
0.0006612	0.000822
0.0006614	0.000822
0.0006616	0.000822
0.0006618	0.000822
0.000662	0.000822
0.0006622	0.0007809
0.0006624	0.0007398
0.0006626	0.0006987
0.0006628	0.0006576
0.000663	0.0006165
0.0006632	0.0005754
0.0006634	0.0005343
0.0006636	0.0004932
0.0006638	0.0004521
0.000664	0.000411
0.0006642	0.000411
0.0006644	0.000411
0.0006646	0.000411
0.0006648	0.000411
0.000665	0.000411
0.0006652	0.000411
0.0006654	0.000411
0.0006656	0.000411
0.0006658	0.000411
0.000666	0.000411
0.0006662	0.0004521
0.0006664	0.0004932
0.0006666	0.0005343
0.0006668	0.0005754
0.000667	0.0006165
0.0006672	0.0006576
0.0006674	0.0006987
0.0006676	0.0007398
0.0006678	0.0007809
0.000668	0.000822
0.0006682	0.000822
0.0006684	0.000822
0.0006686	0.000822
0.0006688	0.000822
0.000669	0.000822
0.0006692	0.000822
0.0006694	0.000822
0.0006696	0.000822
0.0006698	0.000822
0.00067	0.000822
0.0006702	0.000822
0.0006704	0.000822
0.0006706	0.000822
0.0006708	0.000822
0.000671	0.000822
0.0006712	0.000822
0.0006714	0.000822
0.0006716	0.000822
0.0006718	0.000822
0.000672	0.000822
0.0006722	0.0008632
0.0006724	0.0009044
0.0006726	0.0009456
0.0006728	0.0009868
0.000673	0.001028
0.0006732	0.0010692
0.0006734	0.0011104
0.0006736	0.0011516
0.0006738	0.0011928
0.000674	0.001234
0.0006742	0.001234
0.0006744	0.001234
0.0006746	0.001234
0.0006748	0.001234
0.000675	0.001234
0.0006752	0.001234
0.0006754	0.001234
0.0006756	0.001234
0.0006758	0.001234
0.000676	0.001234
0.0006762	0.001234
0.0006764	0.001234
0.0006766	0.001234
0.0006768	0.001234
0.000677	0.001234
0.0006772	0.001234
0.0006774	0.001234
0.0006776	0.001234
0.0006778	0.001234
0.000678	0.001234
0.0006782	0.001234
0.0006784	0.001234
0.0006786	0.001234
0.0006788	0.001234
0.000679	0.001234
0.0006792	0.001234
0.0006794	0.001234
0.0006796	0.001234
0.0006798	0.001234
0.00068	0.001234
0.0006802	0.0012751
0.0006804	0.0013162
0.0006806	0.0013573
0.0006808	0.0013984
0.000681	0.0014395
0.0006812	0.0014806
0.0006814	0.0015217
0.0006816	0.0015628
0.0006818	0.0016039
0.000682	0.001645
0.0006822	0.001645
0.0006824	0.001645
0.0006826	0.001645
0.0006828	0.001645
0.000683	0.001645
0.0006832	0.001645
0.0006834	0.001645
0.0006836	0.001645
0.0006838	0.001645
0.000684	0.001645
0.0006842	0.001645
0.0006844	0.001645
0.0006846	0.001645
0.0006848	0.001645
0.000685	0.001645
0.0006852	0.001645
0.0006854	0.001645
0.0006856	0.001645
0.0006858	0.001645
0.000686	0.001645
0.0006862	0.001645
0.0006864	0.001645
0.0006866	0.001645
0.0006868	0.001645
0.000687	0.001645
0.0006872	0.001645
0.0006874	0.001645
0.0006876	0.001645
0.0006878	0.001645
0.000688	0.001645
0.0006882	0.001645
0.0006884	0.001645
0.0006886	0.001645
0.0006888	0.001645
0.000689	0.001645
0.0006892	0.001645
0.0006894	0.001645
0.0006896	0.001645
0.0006898	0.001645
0.00069	0.001645
0.0006902	0.001645
0.0006904	0.001645
0.0006906	0.001645
0.0006908	0.001645
0.000691	0.001645
0.0006912	0.001645
0.0006914	0.001645
0.0006916	0.001645
0.0006918	0.001645
0.000692	0.001645
0.0006922	0.0016861
0.0006924	0.0017272
0.0006926	0.0017683
0.0006928	0.0018094
0.000693	0.0018505
0.0006932	0.0018916
0.0006934	0.0019327
0.0006936	0.0019738
0.0006938	0.0020149
0.000694	0.002056
0.0006942	0.0020149
0.0006944	0.0019738
0.0006946	0.0019327
0.0006948	0.0018916
0.000695	0.0018505
0.0006952	0.0018094
0.0006954	0.0017683
0.0006956	0.0017272
0.0006958	0.0016861
0.000696	0.001645
0.0006962	0.001645
0.0006964	0.001645
0.0006966	0.001645
0.0006968	0.001645
0.000697	0.001645
0.0006972	0.001645
0.0006974	0.001645
0.0006976	0.001645
0.0006978	0.001645
0.000698	0.001645
0.0006982	0.001645
0.0006984	0.001645
0.0006986	0.001645
0.0006988	0.001645
0.000699	0.001645
0.0006992	0.001645
0.0006994	0.001645
0.0006996	0.001645
0.0006998	0.001645
0.0007	0.001645
0.0007002	0.0016039
0.0007004	0.0015628
0.0007006	0.0015217
0.0007008	0.0014806
0.000701	0.0014395
0.0007012	0.0013984
0.0007014	0.0013573
0.0007016	0.0013162
0.0007018	0.0012751
0.000702	0.001234
0.0007022	0.001234
0.0007024	0.001234
0.0007026	0.001234
0.0007028	0.001234
0.000703	0.001234
0.0007032	0.001234
0.0007034	0.001234
0.0007036	0.001234
0.0007038	0.001234
0.000704	0.001234
0.0007042	0.0011928
0.0007044	0.0011516
0.0007046	0.0011104
0.0007048	0.0010692
0.000705	0.001028
0.0007052	0.0009868
0.0007054	0.0009456
0.0007056	0.0009044
0.0007058	0.0008632
0.000706	0.000822
0.0007062	0.000822
0.0007064	0.000822
0.0007066	0.000822
0.0007068	0.000822
0.000707	0.000822
0.0007072	0.000822
0.0007074	0.000822
0.0007076	0.000822
0.0007078	0.000822
0.000708	0.000822
0.0007082	0.000822
0.0007084	0.000822
0.0007086	0.000822
0.0007088	0.000822
0.000709	0.000822
0.0007092	0.000822
0.0007094	0.000822
0.0007096	0.000822
0.0007098	0.000822
0.00071	0.000822
0.0007102	0.0007809
0.0007104	0.0007398
0.0007106	0.0006987
0.0007108	0.0006576
0.000711	0.0006165
0.0007112	0.0005754
0.0007114	0.0005343
0.0007116	0.0004932
0.0007118	0.0004521
0.000712	0.000411
0.0007122	0.000411
0.0007124	0.000411
0.0007126	0.000411
0.0007128	0.000411
0.000713	0.000411
0.0007132	0.000411
0.0007134	0.000411
0.0007136	0.000411
0.0007138	0.000411
0.000714	0.000411
0.0007142	0.000411
0.0007144	0.000411
0.0007146	0.000411
0.0007148	0.000411
0.000715	0.000411
0.0007152	0.000411
0.0007154	0.000411
0.0007156	0.000411
0.0007158	0.000411
0.000716	0.000411
0.0007162	0.0004521
0.0007164	0.0004932
0.0007166	0.0005343
0.0007168	0.0005754
0.000717	0.0006165
0.0007172	0.0006576
0.0007174	0.0006987
0.0007176	0.0007398
0.0007178	0.0007809
0.000718	0.000822
0.0007182	0.000822
0.0007184	0.000822
0.0007186	0.000822
0.0007188	0.000822
0.000719	0.000822
0.0007192	0.000822
0.0007194	0.000822
0.0007196	0.000822
0.0007198	0.000822
0.00072	0.000822
0.0007202	0.000822
0.0007204	0.000822
0.0007206	0.000822
0.0007208	0.000822
0.000721	0.000822
0.0007212	0.000822
0.0007214	0.000822
0.0007216	0.000822
0.0007218	0.000822
0.000722	0.000822
0.0007222	0.0008632
0.0007224	0.0009044
0.0007226	0.0009456
0.0007228	0.0009868
0.000723	0.001028
0.0007232	0.0010692
0.0007234	0.0011104
0.0007236	0.0011516
0.0007238	0.0011928
0.000724	0.001234
0.0007242	0.001234
0.0007244	0.001234
0.0007246	0.001234
0.0007248	0.001234
0.000725	0.001234
0.0007252	0.001234
0.0007254	0.001234
0.0007256	0.001234
0.0007258	0.001234
0.000726	0.001234
0.0007262	0.001234
0.0007264	0.001234
0.0007266	0.001234
0.0007268	0.001234
0.000727	0.001234
0.0007272	0.001234
0.0007274	0.001234
0.0007276	0.001234
0.0007278	0.001234
0.000728	0.001234
0.0007282	0.001234
0.0007284	0.001234
0.0007286	0.001234
0.0007288	0.001234
0.000729	0.001234
0.0007292	0.001234
0.0007294	0.001234
0.0007296	0.001234
0.0007298	0.001234
0.00073	0.001234
0.0007302	0.001234
0.0007304	0.001234
0.0007306	0.001234
0.0007308	0.001234
0.000731	0.001234
0.0007312	0.001234
0.0007314	0.001234
0.0007316	0.001234
0.0007318	0.001234
0.000732	0.001234
0.0007322	0.001234
0.0007324	0.001234
0.0007326	0.001234
0.0007328	0.001234
0.000733	0.001234
0.0007332	0.001234
0.0007334	0.001234
0.0007336	0.001234
0.0007338	0.001234
0.000734	0.001234
0.0007342	0.0012751
0.0007344	0.0013162
0.0007346	0.0013573
0.0007348	0.0013984
0.000735	0.0014395
0.0007352	0.0014806
0.0007354	0.0015217
0.0007356	0.0015628
0.0007358	0.0016039
0.000736	0.001645
0.0007362	0.001645
0.0007364	0.001645
0.0007366	0.001645
0.0007368	0.001645
0.000737	0.001645
0.0007372	0.001645
0.0007374	0.001645
0.0007376	0.001645
0.0007378	0.001645
0.000738	0.001645
0.0007382	0.001645
0.0007384	0.001645
0.0007386	0.001645
0.0007388	0.001645
0.000739	0.001645
0.0007392	0.001645
0.0007394	0.001645
0.0007396	0.001645
0.0007398	0.001645
0.00074	0.001645
0.0007402	0.001645
0.0007404	0.001645
0.0007406	0.001645
0.0007408	0.001645
0.000741	0.001645
0.0007412	0.001645
0.0007414	0.001645
0.0007416	0.001645
0.0007418	0.001645
0.000742	0.001645
0.0007422	0.0016861
0.0007424	0.0017272
0.0007426	0.0017683
0.0007428	0.0018094
0.000743	0.0018505
0.0007432	0.0018916
0.0007434	0.0019327
0.0007436	0.0019738
0.0007438	0.0020149
0.000744	0.002056
0.0007442	0.002056
0.0007444	0.002056
0.0007446	0.002056
0.0007448	0.002056
0.000745	0.002056
0.0007452	0.002056
0.0007454	0.002056
0.0007456	0.002056
0.0007458	0.002056
0.000746	0.002056
0.0007462	0.0020149
0.0007464	0.0019738
0.0007466	0.0019327
0.0007468	0.0018916
0.000747	0.0018505
0.0007472	0.0018094
0.0007474	0.0017683
0.0007476	0.0017272
0.0007478	0.0016861
0.000748	0.001645
0.0007482	0.001645
0.0007484	0.001645
0.0007486	0.001645
0.0007488	0.001645
0.000749	0.001645
0.0007492	0.001645
0.0007494	0.001645
0.0007496	0.001645
0.0007498	0.001645
0.00075	0.001645
0.0007502	0.001645
0.0007504	0.001645
0.0007506	0.001645
0.0007508	0.001645
0.000751	0.001645
0.0007512	0.001645
0.0007514	0.001645
0.0007516	0.001645
0.0007518	0.001645
0.000752	0.001645
0.0007522	0.0016039
0.0007524	0.0015628
0.0007526	0.0015217
0.0007528	0.0014806
0.000753	0.0014395
0.0007532	0.0013984
0.0007534	0.0013573
0.0007536	0.0013162
0.0007538	0.0012751
0.000754	0.001234
0.0007542	0.0011928
0.0007544	0.0011516
0.0007546	0.0011104
0.0007548	0.0010692
0.000755	0.001028
0.0007552	0.0009868
0.0007554	0.0009456
0.0007556	0.0009044
0.0007558	0.0008632
0.000756	0.000822
0.0007562	0.000822
0.0007564	0.000822
0.0007566	0.000822
0.0007568	0.000822
0.000757	0.000822
0.0007572	0.000822
0.0007574	0.000822
0.0007576	0.000822
0.0007578	0.000822
0.000758	0.000822
0.0007582	0.0007809
0.0007584	0.0007398
0.0007586	0.0006987
0.0007588	0.0006576
0.000759	0.0006165
0.0007592	0.0005754
0.0007594	0.0005343
0.0007596	0.0004932
0.0007598	0.0004521
0.00076	0.000411
0.0007602	0.000411
0.0007604	0.000411
0.0007606	0.000411
0.0007608	0.000411
0.000761	0.000411
0.0007612	0.000411
0.0007614	0.000411
0.0007616	0.000411
0.0007618	0.000411
0.000762	0.000411
0.0007622	0.000411
0.0007624	0.000411
0.0007626	0.000411
0.0007628	0.000411
0.000763	0.000411
0.0007632	0.000411
0.0007634	0.000411
0.0007636	0.000411
0.0007638	0.000411
0.000764	0.000411
0.0007642	0.000411
0.0007644	0.000411
0.0007646	0.000411
0.0007648	0.000411
0.000765	0.000411
0.0007652	0.000411
0.0007654	0.000411
0.0007656	0.000411
0.0007658	0.000411
0.000766	0.000411
0.0007662	0.000411
0.0007664	0.000411
0.0007666	0.000411
0.0007668	0.000411
0.000767	0.000411
0.0007672	0.000411
0.0007674	0.000411
0.0007676	0.000411
0.0007678	0.000411
0.000768	0.000411
0.0007682	0.000411
0.0007684	0.000411
0.0007686	0.000411
0.0007688	0.000411
0.000769	0.000411
0.0007692	0.000411
0.0007694	0.000411
0.0007696	0.000411
0.0007698	0.000411
0.00077	0.000411
0.0007702	0.0004521
0.0007704	0.0004932
0.0007706	0.0005343
0.0007708	0.0005754
0.000771	0.0006165
0.0007712	0.0006576
0.0007714	0.0006987
0.0007716	0.0007398
0.0007718	0.0007809
0.000772	0.000822
0.0007722	0.0008632
0.0007724	0.0009044
0.0007726	0.0009456
0.0007728	0.0009868
0.000773	0.001028
0.0007732	0.0010692
0.0007734	0.0011104
0.0007736	0.0011516
0.0007738	0.0011928
0.000774	0.001234
0.0007742	0.001234
0.0007744	0.001234
0.0007746	0.001234
0.0007748	0.001234
0.000775	0.001234
0.0007752	0.001234
0.0007754	0.001234
0.0007756	0.001234
0.0007758	0.001234
0.000776	0.001234
0.0007762	0.001234
0.0007764	0.001234
0.0007766	0.001234
0.0007768	0.001234
0.000777	0.001234
0.0007772	0.001234
0.0007774	0.001234
0.0007776	0.001234
0.0007778	0.001234
0.000778	0.001234
0.0007782	0.001234
0.0007784	0.001234
0.0007786	0.001234
0.0007788	0.001234
0.000779	0.001234
0.0007792	0.001234
0.0007794	0.001234
0.0007796	0.001234
0.0007798	0.001234
0.00078	0.001234
0.0007802	0.001234
0.0007804	0.001234
0.0007806	0.001234
0.0007808	0.001234
0.000781	0.001234
0.0007812	0.001234
0.0007814	0.001234
0.0007816	0.001234
0.0007818	0.001234
0.000782	0.001234
0.0007822	0.0012751
0.0007824	0.0013162
0.0007826	0.0013573
0.0007828	0.0013984
0.000783	0.0014395
0.0007832	0.0014806
0.0007834	0.0015217
0.0007836	0.0015628
0.0007838	0.0016039
0.000784	0.001645
0.0007842	0.001645
0.0007844	0.001645
0.0007846	0.001645
0.0007848	0.001645
0.000785	0.001645
0.0007852	0.001645
0.0007854	0.001645
0.0007856	0.001645
0.0007858	0.001645
0.000786	0.001645
0.0007862	0.001645
0.0007864	0.001645
0.0007866	0.001645
0.0007868	0.001645
0.000787	0.001645
0.0007872	0.001645
0.0007874	0.001645
0.0007876	0.001645
0.0007878	0.001645
0.000788	0.001645
0.0007882	0.001645
0.0007884	0.001645
0.0007886	0.001645
0.0007888	0.001645
0.000789	0.001645
0.0007892	0.001645
0.0007894	0.001645
0.0007896	0.001645
0.0007898	0.001645
0.00079	0.001645
0.0007902	0.001645
0.0007904	0.001645
0.0007906	0.001645
0.0007908	0.001645
0.000791	0.001645
0.0007912	0.001645
0.0007914	0.001645
0.0007916	0.001645
0.0007918	0.001645
0.000792	0.001645
0.0007922	0.0016861
0.0007924	0.0017272
0.0007926	0.0017683
0.0007928	0.0018094
0.000793	0.0018505
0.0007932	0.0018916
0.0007934	0.0019327
0.0007936	0.0019738
0.0007938	0.0020149
0.000794	0.002056
0.0007942	0.002056
0.0007944	0.002056
0.0007946	0.002056
0.0007948	0.002056
0.000795	0.002056
0.0007952	0.002056
0.0007954	0.002056
0.0007956	0.002056
0.0007958	0.002056
0.000796	0.002056
0.0007962	0.002056
0.0007964	0.002056
0.0007966	0.002056
0.0007968	0.002056
0.000797	0.002056
0.0007972	0.002056
0.0007974	0.002056
0.0007976	0.002056
0.0007978	0.002056
0.000798	0.002056
0.0007982	0.002056
0.0007984	0.002056
0.0007986	0.002056
0.0007988	0.002056
0.000799	0.002056
0.0007992	0.002056
0.0007994	0.002056
0.0007996	0.002056
0.0007998	0.002056
0.0008	0
