0	0
0.00000020	0
0.00000040	0.0089638
0.00000060	0.0090049
0.00000080	0.009046
0.00000100	0.0090871
0.00000120	0.0091282
0.00000140	0.0091693
0.00000160	0.0092104
0.00000180	0.0092515
0.00000200	0.0092926
0.00000220	0.0093337
0.00000240	0.0093748
0.00000260	0.0094159
0.00000280	0.009457
0.00000300	0.0094981
0.00000320	0.0095392
0.00000340	0.0095803
0.00000360	0.0096214
0.00000380	0.0096625
0.00000400	0.0097036
0.00000420	0.0097447
0.00000440	0.0097858
0.00000460	0.0098269
0.00000480	0.009868
0.00000500	0.0099092
0.00000520	0.0099504
0.00000540	0.0099916
0.00000560	0.0100328
0.00000580	0.010074
0.00000600	0.0101152
0.00000620	0.0101564
0.00000640	0.0101976
0.00000660	0.0102388
0.00000680	0.01028
0.00000700	0.0103211
0.00000720	0.0103622
0.00000740	0.0104033
0.00000760	0.0104444
0.00000780	0.0104855
0.00000800	0.0105266
0.00000820	0.0105677
0.00000840	0.0106088
0.00000860	0.0106499
0.00000880	0.010691
0.00000900	0.0117601
0.00000920	0.0128292
0.00000940	0.0138983
0.00000960	0.0149674
0.00000980	0.0160365
0.00001000	0.0171056
0.00001020	0.0181747
0.00001040	0.0192438
0.00001060	0.0203129
0.00001080	0.021382
0.00001100	0.0233145
0.00001120	0.025247
0.00001140	0.0271795
0.00001160	0.029112
0.00001180	0.0310445
0.00001200	0.032977
0.00001220	0.0349095
0.00001240	0.036842
0.00001260	0.0387745
0.00001280	0.040707
0.00001300	0.0425985
0.00001320	0.04449
0.00001340	0.0463815
0.00001360	0.048273
0.00001380	0.0501645
0.00001400	0.052056
0.00001420	0.0539475
0.00001440	0.055839
0.00001460	0.0577305
0.00001480	0.059622
0.00001500	0.0633226
0.00001520	0.0670232
0.00001540	0.0707238
0.00001560	0.0744244
0.00001580	0.078125
0.00001600	0.0818256
0.00001620	0.0855262
0.00001640	0.0892268
0.00001660	0.0929274
0.00001680	0.096628
0.00001700	0.101357
0.00001720	0.106085
0.00001740	0.110814
0.00001760	0.115542
0.00001780	0.120271
0.00001800	0.125
0.00001820	0.129728
0.00001840	0.134457
0.00001860	0.139185
0.00001880	0.143914
0.00001900	0.149794
0.00001920	0.155674
0.00001940	0.161554
0.00001960	0.167434
0.00001980	0.173314
0.00002000	0.179194
0.00002020	0.185074
0.00002040	0.190954
0.00002060	0.196834
0.00002080	0.202714
0.00002100	0.209869
0.00002120	0.217023
0.00002140	0.224178
0.00002160	0.231332
0.00002180	0.238487
0.00002200	0.245642
0.00002220	0.252796
0.00002240	0.259951
0.00002260	0.267105
0.00002280	0.27426
0.00002300	0.282278
0.00002320	0.290296
0.00002340	0.298314
0.00002360	0.306332
0.00002380	0.314351
0.00002400	0.322369
0.00002420	0.330387
0.00002440	0.338405
0.00002460	0.346423
0.00002480	0.354441
0.00002500	0.362336
0.00002520	0.37023
0.00002540	0.378125
0.00002560	0.38602
0.00002580	0.393915
0.00002600	0.401809
0.00002620	0.409704
0.00002640	0.417599
0.00002660	0.425493
0.00002680	0.433388
0.00002700	0.440625
0.00002720	0.447862
0.00002740	0.455099
0.00002760	0.462336
0.00002780	0.469573
0.00002800	0.476809
0.00002820	0.484046
0.00002840	0.491283
0.00002860	0.49852
0.00002880	0.505757
0.00002900	0.512665
0.00002920	0.519573
0.00002940	0.526481
0.00002960	0.533389
0.00002980	0.540297
0.00003000	0.547204
0.00003020	0.554112
0.00003040	0.56102
0.00003060	0.567928
0.00003080	0.574836
0.00003100	0.582114
0.00003120	0.589392
0.00003140	0.59667
0.00003160	0.603948
0.00003180	0.611226
0.00003200	0.618503
0.00003220	0.625781
0.00003240	0.633059
0.00003260	0.640337
0.00003280	0.647615
0.00003300	0.653125
0.00003320	0.658635
0.00003340	0.664145
0.00003360	0.669655
0.00003380	0.675165
0.00003400	0.680674
0.00003420	0.686184
0.00003440	0.691694
0.00003460	0.697204
0.00003480	0.702714
0.00003500	0.70736
0.00003520	0.712007
0.00003540	0.716653
0.00003560	0.7213
0.00003580	0.725946
0.00003600	0.730592
0.00003620	0.735239
0.00003640	0.739885
0.00003660	0.744532
0.00003680	0.749178
0.00003700	0.752673
0.00003720	0.756168
0.00003740	0.759663
0.00003760	0.763158
0.00003780	0.766653
0.00003800	0.770148
0.00003820	0.773643
0.00003840	0.777138
0.00003860	0.780633
0.00003880	0.784128
0.00003900	0.786472
0.00003920	0.788816
0.00003940	0.791159
0.00003960	0.793503
0.00003980	0.795847
0.00004000	0.798191
0.00004020	0.800535
0.00004040	0.802878
0.00004060	0.805222
0.00004080	0.807566
0.00004100	0.809293
0.00004120	0.81102
0.00004140	0.812747
0.00004160	0.814474
0.00004180	0.816201
0.00004200	0.817928
0.00004220	0.819655
0.00004240	0.821382
0.00004260	0.823109
0.00004280	0.824836
0.00004300	0.826686
0.00004320	0.828537
0.00004340	0.830387
0.00004360	0.832237
0.00004380	0.834088
0.00004400	0.835938
0.00004420	0.837788
0.00004440	0.839638
0.00004460	0.841489
0.00004480	0.843339
0.00004500	0.844901
0.00004520	0.846464
0.00004540	0.848027
0.00004560	0.849589
0.00004580	0.851151
0.00004600	0.852714
0.00004620	0.854276
0.00004640	0.855839
0.00004660	0.857402
0.00004680	0.858964
0.00004700	0.86028
0.00004720	0.861596
0.00004740	0.862911
0.00004760	0.864227
0.00004780	0.865543
0.00004800	0.866859
0.00004820	0.868175
0.00004840	0.86949
0.00004860	0.870806
0.00004880	0.872122
0.00004900	0.87315
0.00004920	0.874178
0.00004940	0.875206
0.00004960	0.876234
0.00004980	0.877262
0.00005000	0.878289
0.00005020	0.879317
0.00005040	0.880345
0.00005060	0.881373
0.00005080	0.882401
0.00005100	0.883306
0.00005120	0.88421
0.00005140	0.885115
0.00005160	0.886019
0.00005180	0.886924
0.00005200	0.887829
0.00005220	0.888733
0.00005240	0.889638
0.00005260	0.890542
0.00005280	0.891447
0.00005300	0.892393
0.00005320	0.893339
0.00005340	0.894284
0.00005360	0.89523
0.00005380	0.896176
0.00005400	0.897122
0.00005420	0.898068
0.00005440	0.899013
0.00005460	0.899959
0.00005480	0.900905
0.00005500	0.901892
0.00005520	0.902879
0.00005540	0.903865
0.00005560	0.904852
0.00005580	0.905839
0.00005600	0.906826
0.00005620	0.907813
0.00005640	0.908799
0.00005660	0.909786
0.00005680	0.910773
0.00005700	0.911678
0.00005720	0.912582
0.00005740	0.913487
0.00005760	0.914391
0.00005780	0.915296
0.00005800	0.916201
0.00005820	0.917105
0.00005840	0.91801
0.00005860	0.918914
0.00005880	0.919819
0.00005900	0.920518
0.00005920	0.921217
0.00005940	0.921916
0.00005960	0.922615
0.00005980	0.923314
0.00006000	0.924013
0.00006020	0.924712
0.00006040	0.925411
0.00006060	0.92611
0.00006080	0.926809
0.00006100	0.92759
0.00006120	0.928372
0.00006140	0.929153
0.00006160	0.929934
0.00006180	0.930716
0.00006200	0.931497
0.00006220	0.932278
0.00006240	0.933059
0.00006260	0.933841
0.00006280	0.934622
0.00006300	0.935321
0.00006320	0.93602
0.00006340	0.936719
0.00006360	0.937418
0.00006380	0.938117
0.00006400	0.938816
0.00006420	0.939515
0.00006440	0.940214
0.00006460	0.940913
0.00006480	0.941612
0.00006500	0.942105
0.00006520	0.942599
0.00006540	0.943092
0.00006560	0.943586
0.00006580	0.944079
0.00006600	0.944572
0.00006620	0.945066
0.00006640	0.945559
0.00006660	0.946053
0.00006680	0.946546
0.00006700	0.946916
0.00006720	0.947286
0.00006740	0.947656
0.00006760	0.948026
0.00006780	0.948396
0.00006800	0.948767
0.00006820	0.949137
0.00006840	0.949507
0.00006860	0.949877
0.00006880	0.950247
0.00006900	0.950823
0.00006920	0.951398
0.00006940	0.951974
0.00006960	0.952549
0.00006980	0.953125
0.00007000	0.953701
0.00007020	0.954276
0.00007040	0.954852
0.00007060	0.955427
0.00007080	0.956003
0.00007100	0.956661
0.00007120	0.957319
0.00007140	0.957977
0.00007160	0.958635
0.00007180	0.959293
0.00007200	0.95995
0.00007220	0.960608
0.00007240	0.961266
0.00007260	0.961924
0.00007280	0.962582
0.00007300	0.963117
0.00007320	0.963651
0.00007340	0.964186
0.00007360	0.96472
0.00007380	0.965255
0.00007400	0.96579
0.00007420	0.966324
0.00007440	0.966859
0.00007460	0.967393
0.00007480	0.967928
0.00007500	0.968586
0.00007520	0.969244
0.00007540	0.969902
0.00007560	0.97056
0.00007580	0.971218
0.00007600	0.971875
0.00007620	0.972533
0.00007640	0.973191
0.00007660	0.973849
0.00007680	0.974507
0.00007700	0.975042
0.00007720	0.975576
0.00007740	0.97611
0.00007760	0.976645
0.00007780	0.97718
0.00007800	0.977714
0.00007820	0.978249
0.00007840	0.978783
0.00007860	0.979318
0.00007880	0.979852
0.00007900	0.980428
0.00007920	0.981003
0.00007940	0.981579
0.00007960	0.982155
0.00007980	0.982731
0.00008000	0.983306
0.00008020	0.983882
0.00008040	0.984458
0.00008060	0.985033
0.00008080	0.985609
0.00008100	0.986061
0.00008120	0.986514
0.00008140	0.986966
0.00008160	0.987418
0.00008180	0.987871
0.00008200	0.988323
0.00008220	0.988775
0.00008240	0.989227
0.00008260	0.98968
0.00008280	0.990132
0.00008300	0.990708
0.00008320	0.991283
0.00008340	0.991859
0.00008360	0.992434
0.00008380	0.99301
0.00008400	0.993586
0.00008420	0.994161
0.00008440	0.994737
0.00008460	0.995312
0.00008480	0.995888
0.00008500	0.996135
0.00008520	0.996381
0.00008540	0.996628
0.00008560	0.996875
0.00008580	0.997121
0.00008600	0.997368
0.00008620	0.997615
0.00008640	0.997862
0.00008660	0.998108
0.00008680	0.998355
0.00008700	0.99852
0.00008720	0.998684
0.00008740	0.998849
0.00008760	0.999013
0.00008780	0.999178
0.00008800	0.999342
0.00008820	0.999506
0.00008840	0.999671
0.00008860	0.999835
0.00008880	1
0.00008900	0.999959
0.00008920	0.999918
0.00008940	0.999877
0.00008960	0.999836
0.00008980	0.999795
0.00009000	0.999753
0.00009020	0.999712
0.00009040	0.999671
0.00009060	0.99963
0.00009080	0.999589
0.00009100	0.999507
0.00009120	0.999424
0.00009140	0.999342
0.00009160	0.99926
0.00009180	0.999177
0.00009200	0.999095
0.00009220	0.999013
0.00009240	0.998931
0.00009260	0.998848
0.00009280	0.998766
0.00009300	0.998684
0.00009320	0.998602
0.00009340	0.998519
0.00009360	0.998437
0.00009380	0.998355
0.00009400	0.998273
0.00009420	0.998191
0.00009440	0.998108
0.00009460	0.998026
0.00009480	0.997944
0.00009500	0.997821
0.00009520	0.997697
0.00009540	0.997574
0.00009560	0.997451
0.00009580	0.997328
0.00009600	0.997204
0.00009620	0.997081
0.00009640	0.996958
0.00009660	0.996834
0.00009680	0.996711
0.00009700	0.996259
0.00009720	0.995806
0.00009740	0.995354
0.00009760	0.994902
0.00009780	0.994449
0.00009800	0.993997
0.00009820	0.993545
0.00009840	0.993093
0.00009860	0.99264
0.00009880	0.992188
0.00009900	0.992065
0.00009920	0.991941
0.00009940	0.991818
0.00009960	0.991694
0.00009980	0.991571
0.00010000	0.991448
0.00010020	0.991324
0.00010040	0.991201
0.00010060	0.991077
0.00010080	0.990954
0.00010100	0.990584
0.00010120	0.990214
0.00010140	0.989844
0.00010160	0.989474
0.00010180	0.989104
0.00010200	0.988733
0.00010220	0.988363
0.00010240	0.987993
0.00010260	0.987623
0.00010280	0.987253
0.00010300	0.98713
0.00010320	0.987006
0.00010340	0.986883
0.00010360	0.98676
0.00010380	0.986637
0.00010400	0.986513
0.00010420	0.98639
0.00010440	0.986267
0.00010460	0.986143
0.00010480	0.98602
0.00010500	0.985773
0.00010520	0.985527
0.00010540	0.98528
0.00010560	0.985033
0.00010580	0.984787
0.00010600	0.98454
0.00010620	0.984293
0.00010640	0.984046
0.00010660	0.9838
0.00010680	0.983553
0.00010700	0.983101
0.00010720	0.982648
0.00010740	0.982196
0.00010760	0.981744
0.00010780	0.981291
0.00010800	0.980839
0.00010820	0.980387
0.00010840	0.979935
0.00010860	0.979482
0.00010880	0.97903
0.00010900	0.978536
0.00010920	0.978043
0.00010940	0.977549
0.00010960	0.977056
0.00010980	0.976562
0.00011000	0.976069
0.00011020	0.975576
0.00011040	0.975082
0.00011060	0.974589
0.00011080	0.974095
0.00011100	0.973643
0.00011120	0.97319
0.00011140	0.972738
0.00011160	0.972286
0.00011180	0.971833
0.00011200	0.971381
0.00011220	0.970929
0.00011240	0.970477
0.00011260	0.970024
0.00011280	0.969572
0.00011300	0.96949
0.00011320	0.969408
0.00011340	0.969325
0.00011360	0.969243
0.00011380	0.969161
0.00011400	0.969079
0.00011420	0.968997
0.00011440	0.968914
0.00011460	0.968832
0.00011480	0.96875
0.00011500	0.96875
0.00011520	0.96875
0.00011540	0.96875
0.00011560	0.96875
0.00011580	0.96875
0.00011600	0.96875
0.00011620	0.96875
0.00011640	0.96875
0.00011660	0.96875
0.00011680	0.96875
0.00011700	0.968585
0.00011720	0.968421
0.00011740	0.968256
0.00011760	0.968092
0.00011780	0.967927
0.00011800	0.967763
0.00011820	0.967598
0.00011840	0.967434
0.00011860	0.96727
0.00011880	0.967105
0.00011900	0.966817
0.00011920	0.966529
0.00011940	0.966242
0.00011960	0.965954
0.00011980	0.965666
0.00012000	0.965378
0.00012020	0.96509
0.00012040	0.964803
0.00012060	0.964515
0.00012080	0.964227
0.00012100	0.964021
0.00012120	0.963816
0.00012140	0.96361
0.00012160	0.963405
0.00012180	0.963199
0.00012200	0.962993
0.00012220	0.962788
0.00012240	0.962582
0.00012260	0.962377
0.00012280	0.962171
0.00012300	0.96176
0.00012320	0.961349
0.00012340	0.960937
0.00012360	0.960526
0.00012380	0.960115
0.00012400	0.959704
0.00012420	0.959293
0.00012440	0.958881
0.00012460	0.95847
0.00012480	0.958059
0.00012500	0.957812
0.00012520	0.957566
0.00012540	0.957319
0.00012560	0.957072
0.00012580	0.956825
0.00012600	0.956579
0.00012620	0.956332
0.00012640	0.956085
0.00012660	0.955839
0.00012680	0.955592
0.00012700	0.955304
0.00012720	0.955016
0.00012740	0.954729
0.00012760	0.954441
0.00012780	0.954153
0.00012800	0.953865
0.00012820	0.953577
0.00012840	0.95329
0.00012860	0.953002
0.00012880	0.952714
0.00012900	0.95185
0.00012920	0.950987
0.00012940	0.950123
0.00012960	0.94926
0.00012980	0.948396
0.00013000	0.947533
0.00013020	0.94667
0.00013040	0.945806
0.00013060	0.944943
0.00013080	0.944079
0.00013100	0.942887
0.00013120	0.941694
0.00013140	0.940502
0.00013160	0.939309
0.00013180	0.938117
0.00013200	0.936925
0.00013220	0.935732
0.00013240	0.93454
0.00013260	0.933347
0.00013280	0.932155
0.00013300	0.931045
0.00013320	0.929935
0.00013340	0.928824
0.00013360	0.927714
0.00013380	0.926604
0.00013400	0.925494
0.00013420	0.924384
0.00013440	0.923273
0.00013460	0.922163
0.00013480	0.921053
0.00013500	0.919819
0.00013520	0.918586
0.00013540	0.917352
0.00013560	0.916119
0.00013580	0.914885
0.00013600	0.913651
0.00013620	0.912418
0.00013640	0.911184
0.00013660	0.909951
0.00013680	0.908717
0.00013700	0.907442
0.00013720	0.906168
0.00013740	0.904893
0.00013760	0.903618
0.00013780	0.902343
0.00013800	0.901069
0.00013820	0.899794
0.00013840	0.898519
0.00013860	0.897245
0.00013880	0.89597
0.00013900	0.894695
0.00013920	0.893421
0.00013940	0.892146
0.00013960	0.890872
0.00013980	0.889597
0.00014000	0.888322
0.00014020	0.887048
0.00014040	0.885773
0.00014060	0.884499
0.00014080	0.883224
0.00014100	0.881949
0.00014120	0.880675
0.00014140	0.8794
0.00014160	0.878125
0.00014180	0.87685
0.00014200	0.875576
0.00014220	0.874301
0.00014240	0.873026
0.00014260	0.871752
0.00014280	0.870477
0.00014300	0.869243
0.00014320	0.86801
0.00014340	0.866776
0.00014360	0.865543
0.00014380	0.864309
0.00014400	0.863075
0.00014420	0.861842
0.00014440	0.860608
0.00014460	0.859375
0.00014480	0.858141
0.00014500	0.857236
0.00014520	0.856332
0.00014540	0.855427
0.00014560	0.854523
0.00014580	0.853618
0.00014600	0.852713
0.00014620	0.851809
0.00014640	0.850904
0.00014660	0.85
0.00014680	0.849095
0.00014700	0.848684
0.00014720	0.848273
0.00014740	0.847862
0.00014760	0.847451
0.00014780	0.847039
0.00014800	0.846628
0.00014820	0.846217
0.00014840	0.845806
0.00014860	0.845395
0.00014880	0.844984
0.00014900	0.844408
0.00014920	0.843833
0.00014940	0.843257
0.00014960	0.842681
0.00014980	0.842105
0.00015000	0.84153
0.00015020	0.840954
0.00015040	0.840378
0.00015060	0.839803
0.00015080	0.839227
0.00015100	0.838076
0.00015120	0.836924
0.00015140	0.835773
0.00015160	0.834622
0.00015180	0.83347
0.00015200	0.832319
0.00015220	0.831168
0.00015240	0.830017
0.00015260	0.828865
0.00015280	0.827714
0.00015300	0.826809
0.00015320	0.825905
0.00015340	0.825
0.00015360	0.824096
0.00015380	0.823191
0.00015400	0.822286
0.00015420	0.821382
0.00015440	0.820477
0.00015460	0.819573
0.00015480	0.818668
0.00015500	0.817763
0.00015520	0.816859
0.00015540	0.815954
0.00015560	0.81505
0.00015580	0.814145
0.00015600	0.81324
0.00015620	0.812336
0.00015640	0.811431
0.00015660	0.810527
0.00015680	0.809622
0.00015700	0.808594
0.00015720	0.807566
0.00015740	0.806538
0.00015760	0.80551
0.00015780	0.804482
0.00015800	0.803454
0.00015820	0.802426
0.00015840	0.801398
0.00015860	0.80037
0.00015880	0.799342
0.00015900	0.798602
0.00015920	0.797862
0.00015940	0.797122
0.00015960	0.796382
0.00015980	0.795641
0.00016000	0.794901
0.00016020	0.794161
0.00016040	0.793421
0.00016060	0.792681
0.00016080	0.791941
0.00016100	0.790954
0.00016120	0.789967
0.00016140	0.78898
0.00016160	0.787993
0.00016180	0.787006
0.00016200	0.78602
0.00016220	0.785033
0.00016240	0.784046
0.00016260	0.783059
0.00016280	0.782072
0.00016300	0.780674
0.00016320	0.779276
0.00016340	0.777878
0.00016360	0.77648
0.00016380	0.775082
0.00016400	0.773684
0.00016420	0.772286
0.00016440	0.770888
0.00016460	0.76949
0.00016480	0.768092
0.00016500	0.766735
0.00016520	0.765378
0.00016540	0.764021
0.00016560	0.762664
0.00016580	0.761307
0.00016600	0.759951
0.00016620	0.758594
0.00016640	0.757237
0.00016660	0.75588
0.00016680	0.754523
0.00016700	0.753536
0.00016720	0.752549
0.00016740	0.751563
0.00016760	0.750576
0.00016780	0.749589
0.00016800	0.748602
0.00016820	0.747615
0.00016840	0.746629
0.00016860	0.745642
0.00016880	0.744655
0.00016900	0.744079
0.00016920	0.743504
0.00016940	0.742928
0.00016960	0.742352
0.00016980	0.741776
0.00017000	0.741201
0.00017020	0.740625
0.00017040	0.740049
0.00017060	0.739474
0.00017080	0.738898
0.00017100	0.738117
0.00017120	0.737336
0.00017140	0.736554
0.00017160	0.735773
0.00017180	0.734992
0.00017200	0.734211
0.00017220	0.73343
0.00017240	0.732648
0.00017260	0.731867
0.00017280	0.731086
0.00017300	0.729935
0.00017320	0.728783
0.00017340	0.727632
0.00017360	0.72648
0.00017380	0.725329
0.00017400	0.724178
0.00017420	0.723026
0.00017440	0.721875
0.00017460	0.720723
0.00017480	0.719572
0.00017500	0.718215
0.00017520	0.716858
0.00017540	0.715501
0.00017560	0.714144
0.00017580	0.712787
0.00017600	0.711431
0.00017620	0.710074
0.00017640	0.708717
0.00017660	0.70736
0.00017680	0.706003
0.00017700	0.704728
0.00017720	0.703454
0.00017740	0.702179
0.00017760	0.700905
0.00017780	0.69963
0.00017800	0.698355
0.00017820	0.697081
0.00017840	0.695806
0.00017860	0.694532
0.00017880	0.693257
0.00017900	0.692517
0.00017920	0.691777
0.00017940	0.691036
0.00017960	0.690296
0.00017980	0.689556
0.00018000	0.688816
0.00018020	0.688076
0.00018040	0.687335
0.00018060	0.686595
0.00018080	0.685855
0.00018100	0.68532
0.00018120	0.684786
0.00018140	0.684251
0.00018160	0.683717
0.00018180	0.683182
0.00018200	0.682648
0.00018220	0.682113
0.00018240	0.681579
0.00018260	0.681044
0.00018280	0.68051
0.00018300	0.679564
0.00018320	0.678619
0.00018340	0.677673
0.00018360	0.676727
0.00018380	0.675781
0.00018400	0.674836
0.00018420	0.67389
0.00018440	0.672944
0.00018460	0.671999
0.00018480	0.671053
0.00018500	0.66986
0.00018520	0.668668
0.00018540	0.667475
0.00018560	0.666283
0.00018580	0.66509
0.00018600	0.663898
0.00018620	0.662706
0.00018640	0.661513
0.00018660	0.660321
0.00018680	0.659128
0.00018700	0.658141
0.00018720	0.657154
0.00018740	0.656168
0.00018760	0.655181
0.00018780	0.654194
0.00018800	0.653207
0.00018820	0.65222
0.00018840	0.651234
0.00018860	0.650247
0.00018880	0.64926
0.00018900	0.648191
0.00018920	0.647122
0.00018940	0.646053
0.00018960	0.644984
0.00018980	0.643914
0.00019000	0.642845
0.00019020	0.641776
0.00019040	0.640707
0.00019060	0.639638
0.00019080	0.638569
0.00019100	0.637582
0.00019120	0.636595
0.00019140	0.635609
0.00019160	0.634622
0.00019180	0.633635
0.00019200	0.632648
0.00019220	0.631661
0.00019240	0.630675
0.00019260	0.629688
0.00019280	0.628701
0.00019300	0.627755
0.00019320	0.626809
0.00019340	0.625864
0.00019360	0.624918
0.00019380	0.623972
0.00019400	0.623026
0.00019420	0.62208
0.00019440	0.621135
0.00019460	0.620189
0.00019480	0.619243
0.00019500	0.618009
0.00019520	0.616776
0.00019540	0.615542
0.00019560	0.614309
0.00019580	0.613075
0.00019600	0.611842
0.00019620	0.610608
0.00019640	0.609375
0.00019660	0.608141
0.00019680	0.606908
0.00019700	0.60551
0.00019720	0.604112
0.00019740	0.602714
0.00019760	0.601316
0.00019780	0.599918
0.00019800	0.59852
0.00019820	0.597122
0.00019840	0.595724
0.00019860	0.594326
0.00019880	0.592928
0.00019900	0.591283
0.00019920	0.589638
0.00019940	0.587994
0.00019960	0.586349
0.00019980	0.584704
0.00020000	0.583059
0.00020020	0.581414
0.00020040	0.57977
0.00020060	0.578125
0.00020080	0.57648
0.00020100	0.574589
0.00020120	0.572697
0.00020140	0.570806
0.00020160	0.568914
0.00020180	0.567023
0.00020200	0.565132
0.00020220	0.56324
0.00020240	0.561349
0.00020260	0.559457
0.00020280	0.557566
0.00020300	0.556127
0.00020320	0.554688
0.00020340	0.553248
0.00020360	0.551809
0.00020380	0.55037
0.00020400	0.548931
0.00020420	0.547492
0.00020440	0.546052
0.00020460	0.544613
0.00020480	0.543174
0.00020500	0.541817
0.00020520	0.54046
0.00020540	0.539103
0.00020560	0.537746
0.00020580	0.536389
0.00020600	0.535033
0.00020620	0.533676
0.00020640	0.532319
0.00020660	0.530962
0.00020680	0.529605
0.00020700	0.528413
0.00020720	0.52722
0.00020740	0.526028
0.00020760	0.524835
0.00020780	0.523643
0.00020800	0.522451
0.00020820	0.521258
0.00020840	0.520066
0.00020860	0.518873
0.00020880	0.517681
0.00020900	0.516776
0.00020920	0.515872
0.00020940	0.514967
0.00020960	0.514063
0.00020980	0.513158
0.00021000	0.512253
0.00021020	0.511349
0.00021040	0.510444
0.00021060	0.50954
0.00021080	0.508635
0.00021100	0.507854
0.00021120	0.507072
0.00021140	0.506291
0.00021160	0.50551
0.00021180	0.504728
0.00021200	0.503947
0.00021220	0.503166
0.00021240	0.502385
0.00021260	0.501603
0.00021280	0.500822
0.00021300	0.499547
0.00021320	0.498273
0.00021340	0.496998
0.00021360	0.495724
0.00021380	0.494449
0.00021400	0.493174
0.00021420	0.4919
0.00021440	0.490625
0.00021460	0.489351
0.00021480	0.488076
0.00021500	0.487048
0.00021520	0.48602
0.00021540	0.484992
0.00021560	0.483964
0.00021580	0.482936
0.00021600	0.481908
0.00021620	0.48088
0.00021640	0.479852
0.00021660	0.478824
0.00021680	0.477796
0.00021700	0.476974
0.00021720	0.476151
0.00021740	0.475329
0.00021760	0.474506
0.00021780	0.473684
0.00021800	0.472862
0.00021820	0.472039
0.00021840	0.471217
0.00021860	0.470394
0.00021880	0.469572
0.00021900	0.469449
0.00021920	0.469325
0.00021940	0.469202
0.00021960	0.469079
0.00021980	0.468955
0.00022000	0.468832
0.00022020	0.468709
0.00022040	0.468586
0.00022060	0.468462
0.00022080	0.468339
0.00022100	0.467722
0.00022120	0.467105
0.00022140	0.466489
0.00022160	0.465872
0.00022180	0.465255
0.00022200	0.464638
0.00022220	0.464021
0.00022240	0.463405
0.00022260	0.462788
0.00022280	0.462171
0.00022300	0.460814
0.00022320	0.459457
0.00022340	0.4581
0.00022360	0.456743
0.00022380	0.455386
0.00022400	0.45403
0.00022420	0.452673
0.00022440	0.451316
0.00022460	0.449959
0.00022480	0.448602
0.00022500	0.44741
0.00022520	0.446217
0.00022540	0.445025
0.00022560	0.443832
0.00022580	0.44264
0.00022600	0.441448
0.00022620	0.440255
0.00022640	0.439063
0.00022660	0.43787
0.00022680	0.436678
0.00022700	0.43491
0.00022720	0.433142
0.00022740	0.431374
0.00022760	0.429606
0.00022780	0.427837
0.00022800	0.426069
0.00022820	0.424301
0.00022840	0.422533
0.00022860	0.420765
0.00022880	0.418997
0.00022900	0.417804
0.00022920	0.416612
0.00022940	0.415419
0.00022960	0.414227
0.00022980	0.413034
0.00023000	0.411842
0.00023020	0.410649
0.00023040	0.409457
0.00023060	0.408264
0.00023080	0.407072
0.00023100	0.406332
0.00023120	0.405592
0.00023140	0.404852
0.00023160	0.404112
0.00023180	0.403371
0.00023200	0.402631
0.00023220	0.401891
0.00023240	0.401151
0.00023260	0.400411
0.00023280	0.399671
0.00023300	0.398684
0.00023320	0.397697
0.00023340	0.396711
0.00023360	0.395724
0.00023380	0.394737
0.00023400	0.39375
0.00023420	0.392763
0.00023440	0.391777
0.00023460	0.39079
0.00023480	0.389803
0.00023500	0.388569
0.00023520	0.387336
0.00023540	0.386102
0.00023560	0.384869
0.00023580	0.383635
0.00023600	0.382401
0.00023620	0.381168
0.00023640	0.379934
0.00023660	0.378701
0.00023680	0.377467
0.00023700	0.376233
0.00023720	0.375
0.00023740	0.373766
0.00023760	0.372533
0.00023780	0.371299
0.00023800	0.370066
0.00023820	0.368832
0.00023840	0.367599
0.00023860	0.366365
0.00023880	0.365132
0.00023900	0.363528
0.00023920	0.361925
0.00023940	0.360321
0.00023960	0.358717
0.00023980	0.357113
0.00024000	0.35551
0.00024020	0.353906
0.00024040	0.352302
0.00024060	0.350699
0.00024080	0.349095
0.00024100	0.348273
0.00024120	0.34745
0.00024140	0.346628
0.00024160	0.345806
0.00024180	0.344983
0.00024200	0.344161
0.00024220	0.343339
0.00024240	0.342517
0.00024260	0.341694
0.00024280	0.340872
0.00024300	0.339803
0.00024320	0.338734
0.00024340	0.337665
0.00024360	0.336596
0.00024380	0.335526
0.00024400	0.334457
0.00024420	0.333388
0.00024440	0.332319
0.00024460	0.33125
0.00024480	0.330181
0.00024500	0.329441
0.00024520	0.328701
0.00024540	0.327961
0.00024560	0.327221
0.00024580	0.32648
0.00024600	0.32574
0.00024620	0.325
0.00024640	0.32426
0.00024660	0.32352
0.00024680	0.32278
0.00024700	0.32204
0.00024720	0.3213
0.00024740	0.320559
0.00024760	0.319819
0.00024780	0.319079
0.00024800	0.318339
0.00024820	0.317599
0.00024840	0.316858
0.00024860	0.316118
0.00024880	0.315378
0.00024900	0.314638
0.00024920	0.313898
0.00024940	0.313158
0.00024960	0.312418
0.00024980	0.311677
0.00025000	0.310937
0.00025020	0.310197
0.00025040	0.309457
0.00025060	0.308717
0.00025080	0.307977
0.00025100	0.306867
0.00025120	0.305757
0.00025140	0.304646
0.00025160	0.303536
0.00025180	0.302426
0.00025200	0.301316
0.00025220	0.300206
0.00025240	0.299095
0.00025260	0.297985
0.00025280	0.296875
0.00025300	0.296217
0.00025320	0.295559
0.00025340	0.294901
0.00025360	0.294243
0.00025380	0.293585
0.00025400	0.292928
0.00025420	0.29227
0.00025440	0.291612
0.00025460	0.290954
0.00025480	0.290296
0.00025500	0.289104
0.00025520	0.287911
0.00025540	0.286719
0.00025560	0.285526
0.00025580	0.284334
0.00025600	0.283142
0.00025620	0.281949
0.00025640	0.280757
0.00025660	0.279564
0.00025680	0.278372
0.00025700	0.277879
0.00025720	0.277385
0.00025740	0.276892
0.00025760	0.276398
0.00025780	0.275905
0.00025800	0.275412
0.00025820	0.274918
0.00025840	0.274425
0.00025860	0.273931
0.00025880	0.273438
0.00025900	0.272451
0.00025920	0.271464
0.00025940	0.270477
0.00025960	0.26949
0.00025980	0.268503
0.00026000	0.267517
0.00026020	0.26653
0.00026040	0.265543
0.00026060	0.264556
0.00026080	0.263569
0.00026100	0.262705
0.00026120	0.261842
0.00026140	0.260978
0.00026160	0.260115
0.00026180	0.259251
0.00026200	0.258388
0.00026220	0.257524
0.00026240	0.256661
0.00026260	0.255798
0.00026280	0.254934
0.00026300	0.2544
0.00026320	0.253865
0.00026340	0.25333
0.00026360	0.252796
0.00026380	0.252261
0.00026400	0.251727
0.00026420	0.251192
0.00026440	0.250658
0.00026460	0.250123
0.00026480	0.249589
0.00026500	0.248643
0.00026520	0.247698
0.00026540	0.246752
0.00026560	0.245806
0.00026580	0.24486
0.00026600	0.243915
0.00026620	0.242969
0.00026640	0.242023
0.00026660	0.241078
0.00026680	0.240132
0.00026700	0.238857
0.00026720	0.237583
0.00026740	0.236308
0.00026760	0.235033
0.00026780	0.233758
0.00026800	0.232484
0.00026820	0.231209
0.00026840	0.229934
0.00026860	0.22866
0.00026880	0.227385
0.00026900	0.226686
0.00026920	0.225987
0.00026940	0.225288
0.00026960	0.224589
0.00026980	0.22389
0.00027000	0.223191
0.00027020	0.222492
0.00027040	0.221793
0.00027060	0.221094
0.00027080	0.220395
0.00027100	0.219614
0.00027120	0.218832
0.00027140	0.218051
0.00027160	0.21727
0.00027180	0.216488
0.00027200	0.215707
0.00027220	0.214926
0.00027240	0.214145
0.00027260	0.213363
0.00027280	0.212582
0.00027300	0.211677
0.00027320	0.210773
0.00027340	0.209868
0.00027360	0.208964
0.00027380	0.208059
0.00027400	0.207154
0.00027420	0.20625
0.00027440	0.205345
0.00027460	0.204441
0.00027480	0.203536
0.00027500	0.202796
0.00027520	0.202056
0.00027540	0.201316
0.00027560	0.200576
0.00027580	0.199835
0.00027600	0.199095
0.00027620	0.198355
0.00027640	0.197615
0.00027660	0.196875
0.00027680	0.196135
0.00027700	0.195271
0.00027720	0.194408
0.00027740	0.193544
0.00027760	0.192681
0.00027780	0.191817
0.00027800	0.190954
0.00027820	0.19009
0.00027840	0.189227
0.00027860	0.188363
0.00027880	0.1875
0.00027900	0.186965
0.00027920	0.186431
0.00027940	0.185896
0.00027960	0.185362
0.00027980	0.184827
0.00028000	0.184293
0.00028020	0.183758
0.00028040	0.183224
0.00028060	0.182689
0.00028080	0.182155
0.00028100	0.181415
0.00028120	0.180675
0.00028140	0.179934
0.00028160	0.179194
0.00028180	0.178454
0.00028200	0.177714
0.00028220	0.176974
0.00028240	0.176233
0.00028260	0.175493
0.00028280	0.174753
0.00028300	0.173807
0.00028320	0.172862
0.00028340	0.171916
0.00028360	0.17097
0.00028380	0.170024
0.00028400	0.169079
0.00028420	0.168133
0.00028440	0.167187
0.00028460	0.166242
0.00028480	0.165296
0.00028500	0.165255
0.00028520	0.165214
0.00028540	0.165173
0.00028560	0.165132
0.00028580	0.165091
0.00028600	0.165049
0.00028620	0.165008
0.00028640	0.164967
0.00028660	0.164926
0.00028680	0.164885
0.00028700	0.163898
0.00028720	0.162911
0.00028740	0.161924
0.00028760	0.160937
0.00028780	0.15995
0.00028800	0.158964
0.00028820	0.157977
0.00028840	0.15699
0.00028860	0.156003
0.00028880	0.155016
0.00028900	0.154687
0.00028920	0.154358
0.00028940	0.154029
0.00028960	0.1537
0.00028980	0.153371
0.00029000	0.153043
0.00029020	0.152714
0.00029040	0.152385
0.00029060	0.152056
0.00029080	0.151727
0.00029100	0.15148
0.00029120	0.151234
0.00029140	0.150987
0.00029160	0.15074
0.00029180	0.150493
0.00029200	0.150247
0.00029220	0.15
0.00029240	0.149753
0.00029260	0.149507
0.00029280	0.14926
0.00029300	0.148396
0.00029320	0.147533
0.00029340	0.146669
0.00029360	0.145806
0.00029380	0.144942
0.00029400	0.144079
0.00029420	0.143215
0.00029440	0.142352
0.00029460	0.141488
0.00029480	0.140625
0.00029500	0.140214
0.00029520	0.139803
0.00029540	0.139391
0.00029560	0.13898
0.00029580	0.138569
0.00029600	0.138158
0.00029620	0.137747
0.00029640	0.137335
0.00029660	0.136924
0.00029680	0.136513
0.00029700	0.135485
0.00029720	0.134457
0.00029740	0.133429
0.00029760	0.132401
0.00029780	0.131373
0.00029800	0.130346
0.00029820	0.129318
0.00029840	0.12829
0.00029860	0.127262
0.00029880	0.126234
0.00029900	0.125535
0.00029920	0.124836
0.00029940	0.124137
0.00029960	0.123438
0.00029980	0.122738
0.00030000	0.122039
0.00030020	0.12134
0.00030040	0.120641
0.00030060	0.119942
0.00030080	0.119243
0.00030100	0.119037
0.00030120	0.118832
0.00030140	0.118626
0.00030160	0.118421
0.00030180	0.118215
0.00030200	0.11801
0.00030220	0.117804
0.00030240	0.117599
0.00030260	0.117393
0.00030280	0.117188
0.00030300	0.116448
0.00030320	0.115708
0.00030340	0.114967
0.00030360	0.114227
0.00030380	0.113487
0.00030400	0.112747
0.00030420	0.112007
0.00030440	0.111266
0.00030460	0.110526
0.00030480	0.109786
0.00030500	0.109786
0.00030520	0.109786
0.00030540	0.109786
0.00030560	0.109786
0.00030580	0.109786
0.00030600	0.109786
0.00030620	0.109786
0.00030640	0.109786
0.00030660	0.109786
0.00030680	0.109786
0.00030700	0.108758
0.00030720	0.10773
0.00030740	0.106702
0.00030760	0.105674
0.00030780	0.104646
0.00030800	0.103619
0.00030820	0.102591
0.00030840	0.101563
0.00030860	0.100535
0.00030880	0.099507
0.00030900	0.0983968
0.00030920	0.0972866
0.00030940	0.0961764
0.00030960	0.0950662
0.00030980	0.093956
0.00031000	0.0928458
0.00031020	0.0917356
0.00031040	0.0906254
0.00031060	0.0895152
0.00031080	0.088405
0.00031100	0.0878704
0.00031120	0.0873358
0.00031140	0.0868012
0.00031160	0.0862666
0.00031180	0.085732
0.00031200	0.0851974
0.00031220	0.0846628
0.00031240	0.0841282
0.00031260	0.0835936
0.00031280	0.083059
0.00031300	0.082689
0.00031320	0.082319
0.00031340	0.081949
0.00031360	0.081579
0.00031380	0.081209
0.00031400	0.080839
0.00031420	0.080469
0.00031440	0.080099
0.00031460	0.079729
0.00031480	0.079359
0.00031500	0.0789889
0.00031520	0.0786188
0.00031540	0.0782487
0.00031560	0.0778786
0.00031580	0.0775085
0.00031600	0.0771384
0.00031620	0.0767683
0.00031640	0.0763982
0.00031660	0.0760281
0.00031680	0.075658
0.00031700	0.0752468
0.00031720	0.0748356
0.00031740	0.0744244
0.00031760	0.0740132
0.00031780	0.073602
0.00031800	0.0731908
0.00031820	0.0727796
0.00031840	0.0723684
0.00031860	0.0719572
0.00031880	0.071546
0.00031900	0.070847
0.00031920	0.070148
0.00031940	0.069449
0.00031960	0.06875
0.00031980	0.068051
0.00032000	0.067352
0.00032020	0.066653
0.00032040	0.065954
0.00032060	0.065255
0.00032080	0.064556
0.00032100	0.0639392
0.00032120	0.0633224
0.00032140	0.0627056
0.00032160	0.0620888
0.00032180	0.061472
0.00032200	0.0608552
0.00032220	0.0602384
0.00032240	0.0596216
0.00032260	0.0590048
0.00032280	0.058388
0.00032300	0.0576479
0.00032320	0.0569078
0.00032340	0.0561677
0.00032360	0.0554276
0.00032380	0.0546875
0.00032400	0.0539474
0.00032420	0.0532073
0.00032440	0.0524672
0.00032460	0.0517271
0.00032480	0.050987
0.00032500	0.0506992
0.00032520	0.0504114
0.00032540	0.0501236
0.00032560	0.0498358
0.00032580	0.049548
0.00032600	0.0492602
0.00032620	0.0489724
0.00032640	0.0486846
0.00032660	0.0483968
0.00032680	0.048109
0.00032700	0.048109
0.00032720	0.048109
0.00032740	0.048109
0.00032760	0.048109
0.00032780	0.048109
0.00032800	0.048109
0.00032820	0.048109
0.00032840	0.048109
0.00032860	0.048109
0.00032880	0.048109
0.00032900	0.0478211
0.00032920	0.0475332
0.00032940	0.0472453
0.00032960	0.0469574
0.00032980	0.0466695
0.00033000	0.0463816
0.00033020	0.0460937
0.00033040	0.0458058
0.00033060	0.0455179
0.00033080	0.04523
0.00033100	0.0446955
0.00033120	0.044161
0.00033140	0.0436265
0.00033160	0.043092
0.00033180	0.0425575
0.00033200	0.042023
0.00033220	0.0414885
0.00033240	0.040954
0.00033260	0.0404195
0.00033280	0.039885
0.00033300	0.039556
0.00033320	0.039227
0.00033340	0.038898
0.00033360	0.038569
0.00033380	0.03824
0.00033400	0.037911
0.00033420	0.037582
0.00033440	0.037253
0.00033460	0.036924
0.00033480	0.036595
0.00033500	0.0364306
0.00033520	0.0362662
0.00033540	0.0361018
0.00033560	0.0359374
0.00033580	0.035773
0.00033600	0.0356086
0.00033620	0.0354442
0.00033640	0.0352798
0.00033660	0.0351154
0.00033680	0.034951
0.00033700	0.0347043
0.00033720	0.0344576
0.00033740	0.0342109
0.00033760	0.0339642
0.00033780	0.0337175
0.00033800	0.0334708
0.00033820	0.0332241
0.00033840	0.0329774
0.00033860	0.0327307
0.00033880	0.032484
0.00033900	0.0322784
0.00033920	0.0320728
0.00033940	0.0318672
0.00033960	0.0316616
0.00033980	0.031456
0.00034000	0.0312504
0.00034020	0.0310448
0.00034040	0.0308392
0.00034060	0.0306336
0.00034080	0.030428
0.00034100	0.0302224
0.00034120	0.0300168
0.00034140	0.0298112
0.00034160	0.0296056
0.00034180	0.0294
0.00034200	0.0291944
0.00034220	0.0289888
0.00034240	0.0287832
0.00034260	0.0285776
0.00034280	0.028372
0.00034300	0.0281253
0.00034320	0.0278786
0.00034340	0.0276319
0.00034360	0.0273852
0.00034380	0.0271385
0.00034400	0.0268918
0.00034420	0.0266451
0.00034440	0.0263984
0.00034460	0.0261517
0.00034480	0.025905
0.00034500	0.0255349
0.00034520	0.0251648
0.00034540	0.0247947
0.00034560	0.0244246
0.00034580	0.0240545
0.00034600	0.0236844
0.00034620	0.0233143
0.00034640	0.0229442
0.00034660	0.0225741
0.00034680	0.022204
0.00034700	0.021875
0.00034720	0.021546
0.00034740	0.021217
0.00034760	0.020888
0.00034780	0.020559
0.00034800	0.02023
0.00034820	0.019901
0.00034840	0.019572
0.00034860	0.019243
0.00034880	0.018914
0.00034900	0.0186673
0.00034920	0.0184206
0.00034940	0.0181739
0.00034960	0.0179272
0.00034980	0.0176805
0.00035000	0.0174338
0.00035020	0.0171871
0.00035040	0.0169404
0.00035060	0.0166937
0.00035080	0.016447
0.00035100	0.0162003
0.00035120	0.0159536
0.00035140	0.0157069
0.00035160	0.0154602
0.00035180	0.0152135
0.00035200	0.0149668
0.00035220	0.0147201
0.00035240	0.0144734
0.00035260	0.0142267
0.00035280	0.01398
0.00035300	0.0136922
0.00035320	0.0134044
0.00035340	0.0131166
0.00035360	0.0128288
0.00035380	0.012541
0.00035400	0.0122532
0.00035420	0.0119654
0.00035440	0.0116776
0.00035460	0.0113898
0.00035480	0.011102
0.00035500	0.0108553
0.00035520	0.0106086
0.00035540	0.0103619
0.00035560	0.0101152
0.00035580	0.0098685
0.00035600	0.0096218
0.00035620	0.0093751
0.00035640	0.0091284
0.00035660	0.0088817
0.00035680	0.008635
0.00035700	0.0084294
0.00035720	0.0082238
0.00035740	0.0080182
0.00035760	0.0078126
0.00035780	0.007607
0.00035800	0.0074014
0.00035820	0.0071958
0.00035840	0.0069902
0.00035860	0.0067846
0.00035880	0.006579
0.00035900	0.0064145
0.00035920	0.00625
0.00035940	0.0060855
0.00035960	0.005921
0.00035980	0.0057565
0.00036000	0.005592
0.00036020	0.0054275
0.00036040	0.005263
0.00036060	0.0050985
0.00036080	0.004934
0.00036100	0.0048107
0.00036120	0.0046874
0.00036140	0.0045641
0.00036160	0.0044408
0.00036180	0.0043175
0.00036200	0.0041942
0.00036220	0.0040709
0.00036240	0.0039476
0.00036260	0.0038243
0.00036280	0.003701
0.00036300	0.003701
0.00036320	0.003701
0.00036340	0.003701
0.00036360	0.003701
0.00036380	0.003701
0.00036400	0.003701
0.00036420	0.003701
0.00036440	0.003701
0.00036460	0.003701
0.00036480	0.003701
0.00036500	0.0036598
0.00036520	0.0036186
0.00036540	0.0035774
0.00036560	0.0035362
0.00036580	0.003495
0.00036600	0.0034538
0.00036620	0.0034126
0.00036640	0.0033714
0.00036660	0.0033302
0.00036680	0.003289
0.00036700	0.003289
0.00036720	0.003289
0.00036740	0.003289
0.00036760	0.003289
0.00036780	0.003289
0.00036800	0.003289
0.00036820	0.003289
0.00036840	0.003289
0.00036860	0.003289
0.00036880	0.003289
0.00036900	0.003289
0.00036920	0.003289
0.00036940	0.003289
0.00036960	0.003289
0.00036980	0.003289
0.00037000	0.003289
0.00037020	0.003289
0.00037040	0.003289
0.00037060	0.003289
0.00037080	0.003289
0.00037100	0.003289
0.00037120	0.003289
0.00037140	0.003289
0.00037160	0.003289
0.00037180	0.003289
0.00037200	0.003289
0.00037220	0.003289
0.00037240	0.003289
0.00037260	0.003289
0.00037280	0.003289
0.00037300	0.003289
0.00037320	0.003289
0.00037340	0.003289
0.00037360	0.003289
0.00037380	0.003289
0.00037400	0.003289
0.00037420	0.003289
0.00037440	0.003289
0.00037460	0.003289
0.00037480	0.003289
0.00037500	0.0032479
0.00037520	0.0032068
0.00037540	0.0031657
0.00037560	0.0031246
0.00037580	0.0030835
0.00037600	0.0030424
0.00037620	0.0030013
0.00037640	0.0029602
0.00037660	0.0029191
0.00037680	0.002878
0.00037700	0.002878
0.00037720	0.002878
0.00037740	0.002878
0.00037760	0.002878
0.00037780	0.002878
0.00037800	0.002878
0.00037820	0.002878
0.00037840	0.002878
0.00037860	0.002878
0.00037880	0.002878
0.00037900	0.0028369
0.00037920	0.0027958
0.00037940	0.0027547
0.00037960	0.0027136
0.00037980	0.0026725
0.00038000	0.0026314
0.00038020	0.0025903
0.00038040	0.0025492
0.00038060	0.0025081
0.00038080	0.002467
0.00038100	0.002467
0.00038120	0.002467
0.00038140	0.002467
0.00038160	0.002467
0.00038180	0.002467
0.00038200	0.002467
0.00038220	0.002467
0.00038240	0.002467
0.00038260	0.002467
0.00038280	0.002467
0.00038300	0.0024259
0.00038320	0.0023848
0.00038340	0.0023437
0.00038360	0.0023026
0.00038380	0.0022615
0.00038400	0.0022204
0.00038420	0.0021793
0.00038440	0.0021382
0.00038460	0.0020971
0.00038480	0.002056
0.00038500	0.0020149
0.00038520	0.0019738
0.00038540	0.0019327
0.00038560	0.0018916
0.00038580	0.0018505
0.00038600	0.0018094
0.00038620	0.0017683
0.00038640	0.0017272
0.00038660	0.0016861
0.00038680	0.001645
0.00038700	0.001645
0.00038720	0.001645
0.00038740	0.001645
0.00038760	0.001645
0.00038780	0.001645
0.00038800	0.001645
0.00038820	0.001645
0.00038840	0.001645
0.00038860	0.001645
0.00038880	0.001645
0.00038900	0.0016039
0.00038920	0.0015628
0.00038940	0.0015217
0.00038960	0.0014806
0.00038980	0.0014395
0.00039000	0.0013984
0.00039020	0.0013573
0.00039040	0.0013162
0.00039060	0.0012751
0.00039080	0.001234
0.00039100	0.001234
0.00039120	0.001234
0.00039140	0.001234
0.00039160	0.001234
0.00039180	0.001234
0.00039200	0.001234
0.00039220	0.001234
0.00039240	0.001234
0.00039260	0.001234
0.00039280	0.001234
0.00039300	0.001234
0.00039320	0.001234
0.00039340	0.001234
0.00039360	0.001234
0.00039380	0.001234
0.00039400	0.001234
0.00039420	0.001234
0.00039440	0.001234
0.00039460	0.001234
0.00039480	0.001234
0.00039500	0.001234
0.00039520	0.001234
0.00039540	0.001234
0.00039560	0.001234
0.00039580	0.001234
0.00039600	0.001234
0.00039620	0.001234
0.00039640	0.001234
0.00039660	0.001234
0.00039680	0.001234
0.00039700	0.001234
0.00039720	0.001234
0.00039740	0.001234
0.00039760	0.001234
0.00039780	0.001234
0.00039800	0.001234
0.00039820	0.001234
0.00039840	0.001234
0.00039860	0.001234
0.00039880	0.001234
0.00039900	0.0012751
0.00039920	0.0013162
0.00039940	0.0013573
0.00039960	0.0013984
0.00039980	0
